8189
8189
8189
8189
8189
8189
8189
8188
8188
8188
8188
8188
8188
8188
8188
8188
8187
8187
8187
8187
8187
8187
8187
8189
8189
8189
8189
8188
8187
8187
8187
8187
8187
8187
8188
8188
8188
8188
8188
8189
8189
8189
8189
8189
8189
8189
8188
8188
8188
8188
8187
8188
8188
8188
8188
8184
8184
8185
8186
8187
8187
8188
8188
8188
8188
8188
8188
8188
8187
8187
8187
8188
8187
8187
8187
8187
8187
8187
8187
8187
8187
8187
8187
8187
8188
8189
8189
8188
8189
8189
8189
8190
8190
8190
8190
8188
8188
8187
8187
8188
8188
8189
8189
8189
8189
8190
8190
8190
8190
8191
8191
8191
8191
8190
8189
8188
8189
8189
8190
8190
8189
8189
8189
8190
8190
8189
8189
8189
8188
8189
8188
8189
8189
8189
8188
8188
8188
8188
8188
8188
8189
8189
8189
8189
8188
8188
8187
8187
8188
8188
8189
8189
8188
8188
8188
8188
8189
8189
8189
8190
8190
8190
8190
8191
8191
8191
8192
8192
8192
8192
8190
8190
8190
8190
8190
8190
8191
8191
8191
8192
8192
8190
8191
8191
8191
8191
8191
8191
8192
8192
8192
8193
8193
8192
8192
8191
8191
8191
8191
8191
8192
8191
8191
8192
8192
8192
8193
8193
8193
8193
8193
8193
8192
8192
8191
8191
8191
8190
8190
8190
8191
8191
8191
8190
8189
8189
8190
8190
8189
8189
8189
8189
8190
8189
8190
8190
8190
8191
8192
8191
8191
8191
8189
8189
8189
8189
8189
8190
8190
8191
8190
8190
8190
8190
8190
8190
8190
8191
8191
8191
8191
8192
8192
8192
8192
8192
8192
8192
8191
8190
8191
8191
8191
8192
8192
8192
8193
8193
8193
8193
8193
8193
8193
8193
8194
8194
8193
8193
8193
8193
8192
8192
8191
8191
8192
8192
8192
8192
8193
8193
8194
8194
8194
8193
8193
8193
8193
8192
8193
8193
8193
8192
8192
8192
8192
8192
8192
8192
8192
8192
8192
8192
8192
8192
8192
8192
8193
8193
8194
8194
8194
8194
8194
8193
8193
8193
8193
8193
8194
8194
8194
8193
8192
8191
8191
8191
8192
8192
8191
8191
8191
8191
8191
8192
8192
8193
8192
8193
8193
8193
8193
8193
8193
8193
8193
8193
8192
8191
8190
8190
8190
8190
8190
8190
8190
8191
8191
8191
8191
8191
8191
8191
8191
8191
8191
8191
8191
8191
8191
8191
8191
8191
8190
8190
8190
8190
8190
8190
8190
8191
8191
8191
8191
8191
8191
8191
8191
8191
8191
8192
8191
8190
8190
8190
8190
8190
8189
8189
8189
8188
8188
8188
8189
8189
8189
8189
8188
8189
8189
8189
8189
8189
8190
8190
8190
8191
8191
8190
8189
8189
8189
8189
8190
8190
8190
8190
8190
8191
8190
8190
8190
8190
8190
8190
8191
8191
8191
8191
8192
8192
8192
8192
8192
8192
8193
8193
8193
8192
8191
8190
8190
8189
8189
8189
8189
8189
8190
8190
8191
8187
8187
8187
8187
8187
8187
8188
8188
8188
8188
8188
8189
8189
8189
8189
8188
8188
8188
8188
8188
8189
8189
8190
8190
8190
8190
8190
8190
8190
8190
8190
8190
8191
8191
8191
8192
8191
8192

8191
8190
8189
8189
8189
8189
8189
8189
8189
8189
8190
8189
8190
8190
8190
8190
8190
8190
8190
8190
8189
8188
8187
8188
8187
8188
8188
8188
8189
8189
8190
8189
8189
8189
8188
8188
8188
8188
8188
8188
8188
8189
8189
8189
8189
8189
8189
8189
8189
8189
8188
8188
8187
8187
8187
8187
8187
8188
8188
8189
8189
8187
8187
8187
8187
8187
8188
8188
8188
8188
8188
8189
8188
8189
8189
8189
8188
8188
8188
8188
8188
8188
