8186
8186
8186
8186
8186
8186
8186
8186
8185
8184
8184
8184
8185
8185
8186
8187
8187
8187
8187
8187
8187
8187
8188
8188
8188
8189
8189
8189
8189
8189
8189
8189
8189
8189
8189
8189
8189
8189
8188
8187
8187
8187
8187
8187
8188
8188
8189
8189
8189
8189
8189
8189
8189
8189
8189
8190
8190
8190
8190
8190
8191
8191
8191
8191
8190
8190
8190
8189
8189
8190
8190
8190
8191
8191
8191
8191
8191
8191
8191
8192
8192
8192
8191
8191
8191
8191
8191
8191
8191
8191
8193
8193
8193
8192
8192
8192
8192
8192
8192
8193
8194
8194
8194
8195
8195
8195
8195
8195
8195
8195
8195
8195
8194
8194
8194
8194
8195
8194
8194
8194
8194
8195
8195
8195
8195
8195
8195
8195
8195
8195
8194
8195
8194
8194
8194
8195
8195
8194
8194
8193
8193
8194
8194
8194
8194
8194
8194
8194
8194
8194
8194
8193
8193
8194
8194
8194
8193
8193
8193
8193
8193
8193
8193
8193
8194
8194
8194
8193
8193
8193
8193
8193
8193
8193
8193
8193
8193
8193
8193
8193
8193
8193
8194
8193
8193
8193
8192
8191
8191
8195
8195
8195
8194
8194
8193
8193
8193
8193
8193
8194
8194
8194
8194
8194
8194
8194
8194
8194
8194
8194
8194
8193
8192
8192
8192
8193
8192
8192
8193
8193
8192
8192
8192
8192
8193
81
8191
8191
8191
8191
8192
8192
8192
8193
8193
8192
8193
8193
8193
8193
8193
8193
8192
8192
8192
8192
8192
8192
8192
8192
8193
8193
8193
8193
8193
8193
8193
8192
8192
8192
8192
8192
8192
8192
8191
8192
8192
8192
8191
8191
8191
8191
8192
8192
8192
8193
8193
8193
8193
8193
8194
8194
8194
8194
8195
8195
8191
8191
8191
8191
8190
8189
8189
8189
8189
8189
8189
8189
8189
8189
8189
8189
8189
8189
8190
8190
8190
8190
8190
8188
8188
8187
8188
8188
8188
8189
8189
8189
8190
8190
8190
8190
8185
8185
8185
8184
8184
8184
8184
8185
8185
8185
8185
8186
8186
8186
8186
8186
8186
8185
8185
8185
8185
8185
8185
8185
8185
8185
8185
8185
8185
8186
8186
8186
8185
8185
8185
8185
8185
8185
8185
8185
8185
8185
8184
8183
8183
8183
8183
8183
8184
8185
8185
8185
8186
8186
8186
8187
8187
8187
8187
8187
8187
8186
8186
8185
8186
8187
8187
8187
8186
8185
8185
8185
8185
8185
8185
8186
8185
8185
8185
8186
8186
8186
8186
8186
8186
8186
8186
8185
8185
8184
8184
8185
8185
8185
8185
8186
8186
8186
8186
8186
8184
8184
8184
8184
8184
8184
8185
8185
8186
8187
8186
8186
8186
8186
8187
8187
8187
8186
8186
8185
8185
8185
8185
8185
8185
8185
8185
8185
8185
8185
8185
8
8185
8185
8184
8185
8185
8186
8186
8187
8186
8185
8185
8184
8184
8184
8185
8185
8185
8185
8185
8185
8185
8185
8185
8185
8185
8186
8185
8185
8184
8183
8186
8186
8186
8186
8186
8185
8185
8185
8185
8185
8186
8186
8186
8186
8186
8185
8185
8185
8185
8185
8185
8185
8186
8186
8185
8185
8184
8184
8184
8184
8184
8184
8184
8184
8184
8184
8184
8185
8185
8185
8185
8185
8185
8185
8185
8185
8185
8186
8186
8185
8185
8185
8185
8185
8185
8185
8185
8185
8185
8186
8186
8186
8186
8186
8185
8185
8185
8185
8184
8184
8184
8184
8185
8185
8185
8185
8185
8186
8186
8185
8185
8185
8185
8185
8185
8186
8186
8186
8186
8186
8186
8186
8186
8186
8186
8186
8187
8186
8186
8185
8185
8185
8186
8186
8186
8186
8185
8185
8184
8184
8184
8184
8184
8184
8184
8184
