8198
8199
8198
8198
8199
8199
8199
8199
8200
8199
8198
8198
8198
8198
8198
8198
8198
8198
8198
8199
8199
8200
8200
8200
8200
8200
8200
8199
8199
8198
8198
8198
8198
8198
8198
8198
8198
8198
8199
8199
8199
8198
8198
8199
8199
8199
8199
8199
8199
8199
8199
8199
8199
8198
8197
8197
8197
8197
8197
8198
8198
8198
8198
8198
8198
8198
8198
8198
8198
8198
8198
8197
8197
8195
8195
8195
8195
8195
8195
8196
8195
8194
8194
8195
8195
8195
8196
8196
8196
8196
8196
8196
8196
8196
8197
8196
8197
8197
8197
8196
8196
8195
8196
8196
8196
8196
8197
8197
8197
8197
8196
8196
8196
8196
8196
8197
8197
8196
8197
8197
8197
8197
8198
8198
8198
8198
8198
8198
8197
8196
8196
8195
8196
8196
8196
8196
8196
8196
8196
8196
8196
8197
8198
8198
8198
8199
8199
8200
8200
8200
8199
8199
8200
8199
8199
8198
8197
8197
8197
8198
8199
8200
8200
8200
8200
8200
8200
8200
8201
8201
8201
8201
8201
8200
8200
8200
8200
8199
8200
8200
8199
8199
8198
8199
8199
8199
8198
8198
8198
8198
8198
8199
8199
8200
8200
8200
8200
8200
8200
8199
8199
8198
8198
8198
8198
8199
8199
8199
8200
8201
8200
8199
8199
8199
8200
8200
8201
8201
8201
8202
8202
8202
8202
8202
8202
8202
8202
8202
8202
8201
8200
8201
8201
8201
8201
8202
8202
8202
8202
8202
8202
8200
8200
8200
8200
8200
8200
8201
8201
8202
8202
8202
8202
8202
8201
8201
8200
8200
8200
8200
8200
8201
8201
8201
8202
8201
8202
8201
8202
8201
8201
8201
8201
8200
8199
8198
8198
8201
8201
8201
8201
8200
8200
8201
8200
8200
8199
8199
8200
8200
8200
8200
8200
8200
8200
8200
8200
8199
8200
8199
8200
8200
8201
8200
8199
8198
8198
8198
8198
8200
8200
8199
8198
8198
8198
8198
8198
8199
8199
8199
8199

8201
8201
8201
8201
8201
8200
8200
8199
8198
8198
8198
8198
8199
8199
8199
8199
8198
8199
8198
8195
8195
8195
8195
8195
8196
8196
8196
8196
8196
8195
8196
8196
8196
8195
8194
8194
8194
8194
8194
8194
8194
8194
8195
8195
8196
8196
8196
8196
8195
8195
8195
8195
8194
8193
8193
8193
8193
8193
8194
8194
8194
8194
8193
8193
8192
8192
8193
8193
8193
8193
8193
8194
8194
8194
8194
8195
8195
8195
8195
8195
8195
8195
8194
8193
8193
8193
8193
8193
8192
8191
8191
8191
8191
8191
8191
8191
8191
8191
8191
8192
8192
8192
8192
8192
8192
8193
8193
8192
8191
8191
8191
8190
8190
8191
8191
8191
8192
8193
8193
8191
8191
8192
8192
8192
8192
8193
8192
8193
8193
8193
8193
8193
8193
8193
8192
8192
8192
8192
8192
8192
8192
8192
8192
8192
8192
8193
8193
8193
8193
8193
8193
8193
8193
8193
8192
8194
8195
8195
8195
8195
8195
8195
8195
8194
8193
8193
8193
8193
8194
8194
8194
8194
8194
8194
8194
8195
8195
8195
8195
8195
8196
8196
8195
8194
8194
8193
8193
8196
8197
8196
8196
8196
8196
8196
8197
8196
8197
8197
8197
8198
8198
8198
8198
8198
8198
8198
8198
8198
8197
8197
8197
8196
8196
8196
8196
8196
8197
8197
8197
8197
8197
8197
8197
8196
8196
8196
8196
8196
8196
8197
8196
8197
8197
8197
8197
8196
8196
8196
8195
8195
8195
8195
8196
8196
8196
8197
8197
8197
8198
8198
8199
8199
8199
8199
8200
8199
8199
8200
8200
8201
8201
8201
8201
8201
8200
8199
8200
8200
8200
8200
8200
8200
8201
8201
8201
8201
8201
8201
