8194
8194
8195
8194
8194
8194
8194
8194
8194
8194
8194
8194
8194
8194
8194
8192
8193
8193
8193
8194
8194
8194
8194
8194
8195
8195
8196
8196
8197
8196
8195
8195
8194
8195
8195
8196
8196
8197
8197
8197
8197
8197
8197
8197
8197
8197
8198
8198
8198
8197
8196
8199
8198
8198
8198
8198
8198
8198
8198
8198
8197
8196
8196

8196
8197
8197
8197
8198
8198
8198
8199
8199
8199
8200
8199
8199
8199
8199
8198
8197
8197
8197
8199
8199
8199
8198
8198
8198
8198
8198
8199
8199
8199
8200
8200
8200
8200
8201
8201
8202
8202
8202
8202
8201
8200
8200
8201
8201
8202
8202
8203
8202
8202
8202
8199
8199
8199
8199
8199
8199
8199
8199
8199
8199
8198
8199
8199
8199
8199
8199
8198
8197
8197
8198
8198
8198
8198
8198
8198
8198
8198
8198
8198
8198
8198
8198
8198
8198
8197
8197
8198
8199
8199
8199
8199
8199
8199
8199
8198
8197
8197
8197
8197
8197
8197
8197
8197
8196
8196
8196
8197
8197
8197
8197
8197
8197
8197
8197
8196
8195
8194
8194
8196
8196
8196
8195
8194
8194
8194
8194
8195
8194
8194
8194
8194
8194
8195
8195
8195
8195
8195
8195
8195
8195
8195
8194
8194
8194
8194
8195
8195
8195
8195
8195
8195
8195
8195
8196
8196
8195
8195
8195
8195
8195
8196
8196
8196
8197
8197
8197
8196
8196
8195
8195
8195
8195
8196
8195
8195
8195
8195
8195
8195
8195
8195
8195
8195
8195
8194
8193
8194
8194
8194
8194
8194
8194
8194
8194
8194
8194
8193
8193
8192
8192
8192
8193
8193
8193
8193
8194
8194
8194
8195
8195
8195
8194
8194
8194
8193
8192
8192
8192
8196
8196
8196
8195
8195
8194
8195
8195
8195
8195
8195
8196
8197
8197
8197
8198
8198
8198
8198
8197
8196
8196
8195
8194
8194
8194
8194
8195
8195
8195
8195
8195
8194
8194
8195
8195
8195
8195
8196
8196
8196
8196
8197
8197
8197
8197
8197
8197
8196
8196
8196
8196
8196
8196
8197
8197
8197
8198
8198
8198
8198
8198
8198
8198
8197
8198
8198
8198
8198
8198
8198
8198
8198
8197
8197
8196
8196
8197
8196
8196
8196
8196
8196
8196
8197
8197
8197
8197
8198
8197
8197
8198
8198
8197
8196
8196
8195
8195
8199
8198
8198
8198
8198
8197
8197
8197
8197
8197
8198
8198
8197
8198
8198
8198
8198
8199
8199
8199
8199
8199
8199
8198
8197
8197
8197
8197
8198
8198
8197
8197
8197
8198
8198
8199
8199
8200
8200
8200
8200
8201
8201
8202
8202
8202
8201
8200
8199
8199
8199
8200
8200
8200
8200
8200
8200
8200
8201
8201
8201
8201
8201
8201
8200
8199
8199
8199
8199
8200
8199
8199
8200
8200
8200
8200
8200
8199
8199
8199
8199
8199
8199
8199
8199
8200
8200
8200
8200
8200
8200
8200
8200
8200
8199
8199
8199
8202
8202
8202
8202
8201
8200
8199
8199
8199
8199
8199
8199
8199
8199
8199
8199
8198
8199
8199
8199
8200
8200
8200
8199
8198
8197
8197
8198
8198
8198
8199
8199
8199
8199
8199
8199
8198
8198
8198
8199
8199
8199
8199
8199
8199
8199
8200
8199
8200
8200
8201
8201
8201
8200
8199
8199
8199
8199
8200
8199
8200
8199
8199
8200
8200
8200
8198
8198
8199
8199
8200
8199
8200
8200
8200
8200
8200
8199
8199
8198
8198
8198
8198
8199
8199
8199
8199
8199
8199
8199
8199
8200
8200
8200
8200
8200
8199
8198
8202
8202
8202
8202
8202
8201
8201
8200
8200
8201
8201
8201
8202
8202
8203
8203
8203
8203
8204
8204
8204
8204
8204
8204
