8195
8196
8196
8195
8195
8196
8193
8193
8194
8194
8194
8194
8195
8195
8195
8195
8195
8195
8195
8195
8195
8195
8194
8195
8195
8195
8195
8195
8195
8194
8195
8195
8195
8195
8195
8195
8196
8196
8195
8194
8194
8194
8192
8192
8192
8192
8192
8192
8191
8190
8189
8189
8189
8189
8190
8189
8189
8189
8190
8189
8189
8189
8189
8190
8189
8189
8189
8189
8188
8187
8187
8187
8187
8188
8188
8187
8187
8187
8186
8186
8186
8186
8186
8187
8187
8187
8187
8187
8187
8187
8187
8187
8187
8186
8185
8185
8185
8186
8185
8186
8186
8186
8186
8186
8187
8184
8184
8184
8184
8185
8185
8185
8185
8185
8186
8186
8186
8186
8186
8185
8184
8184
8184
8184
8184
8184
8185
8185
8185
8185
8185
8185
8185
8185
8185
8186
8186
8186
8185
8185
8185
8188
8188
8188
8188
8188
8188
8188
8187
8186
8186
8186
8186
8186
8186
8186
8186
8187
8187
8187
8187
8188
8188
8188
8189
8189
8189
8189
8188
8188
8188
8188
8188
8194
8193
8192
8191
8191
8191
8191
8191
8192
8191
8191
8191
8192
8192
8192
8192
8193
8193
8193
8193
8193
8192
8192
8192
8192
8192
8192
8192
8192
8193
8193
8193
8192
8192
8192
8193
8193
8193
8194
8194
8194
8194
8194
8194
8194
8194
8194
8193
8192
8192
8192
8193
8193
8193
8193
8193
8193
8193
8193
8193
8193
8192
8192
8193
8192
8192
8191
8191
8190
8190
8190
8190
8190
8191
8190
8190
8190
8189
8188
8188
8188
8188
8188
8188
8188
8188
8188
8189
8189
8189
8189
8190
8190
8190
8190
8190
8188
8187
8187
8187
8185
8185
8184
8183
8183
8182
8182
8182
8182
8182
8182
8182
8182
8182
8182
8182
8182
8183
8183
8184
8184
8184
8184
8183
8183
8182
8183
8183
8183
8183
8183
8183
8180
8180
8181
8181
8182
81
8182
8182
8183
8183
8183
8183
8183
8183
8183
8184
8183
8183
8183
8183
8183
8183
8183
8183
8183
8184
8184
8184
8184
8184
8185
8185
8184
8183
8184
8183
8184
8183
8183
8184
8184
8184
8184
8184
8184
8184
8183
8184
8184
8183
8184
8184
8184
8184
8184
8184
8184
8184
8183
8183
8183
8182
8182
8182
8182
8182
8183
8182
8185
8185
8185
8185
8184
8183
8183
8183
8184
8184
8184
8185
8185
8185
8185
8185
8185
8186
8185
8186
8185
8185
8184
8183
8183
8183
8183
8184
8184
8184
8184
8185
8185
8185
8185
8186
8187
8187
8187
8187
8187
8188
8188
8188
8187
8188
8188
8188
8188
8187
8187
8187
8187
8187
8187
8187
8187
8188
8188
8188
8189
8189
8189
8189
8191
8191
8191
8191
8191
8191
8191
8191
8191
8191
8190
8190
8191
8191
8191
8192
8192
8192
8193
8193
8194
8193
8193
8193
8193
8193
8194
8194
8193
8192
8192
8193
8193
8193
8194
8194
8196
8196
8196
8196
8196
8195
8195
8195
8196
8196
8196
8196
8197
8196
8196
8196
8196
8197
8197
8197
8198
8198
8199
8198
8197
8197
8197
8197
8197
8196
8196
8197
8196
8196
8196
8196
8196
8196
8196
8196
8196
8196
8196
8196
8196
8196
8195
8195
8195
8195
8195
8195
8195
8195
8195
8195
8196
8196
8196
8197
8197
8196
8196
8196
8196
8196
8196
8196
8197
8197
8197
8196
8195
8195
8196
8196
8197
8197
8197
8197
8197
8197
8198
8198
8198
8198
8198
8198
8198
8198
8197
8197
8197
8197
8197
8196
8197
8196
8196
8196
8196
8196
8194
8194
8194
8194
8195
8195
8196
8196
8196
8196
8196
8195
8196
8196
8196
8196
8196
8196
8196
8195
8195
8195
8196
8196
8197
