8200
8200
8200
8200
8199
8199
8198
8198
8197
8197
8197
8197
8197
8197
8197
8197
8197
8197
8197
8197
8196
8196
8196
8196
8197
8197
8196
8197
8197
8197
8197
8197
8197
8197
8196
8195
8195
8195
8195
8195
8195
8195
8195
8195
8195
8196
8196
8197
8197
8197
8197
8197
8196
8195
8195
8195
8195
8195
8195
8195
8196
8197
8197
8198
8197
8196
8196
8196
8197
8197
8197
8198
8198
8198
8198
8198
8198
8198
8198
8198
8198
8197
8196
8196
8196
8195
8196
8196
8196
8196
8196
8197
8197
8197
8197
8194
8194
8193
8193
8194
8194
8193
8193
8193
8193
8194
8194
8194
8193
8193
8193
8194
8193
8194
8194
8193
8194
8194
8194
8194
8194
8194
8193
8193
8193
8194
8193
8190
8191
8190
8191
8190
8190
8190
8189
8188
8188
8188
8188
8188
8189
8189
8188
8188
8188
8189
8189
8189
8189
8189
8189
8189
8188
8188
8187
8187
8187
8187
8187
8188
8189
8189
8189
8191
8190
8190
8190
8190
8191
8191
8191
8191
8191
8191
8191
8192
8192
8192
8192
8192
8192
8192
8191
8190
8190
8190
8190
8190
8191
8191
8191
8190
8190
8191
8191
8191
8191
8191
8191
8191
8191
8191
8192
819
8192
8192
8192
8191
8191
8191
8191
8191
8191
8191
8191
8191
8191
8191
8191
8191
8191
8191
8191
8191
8191
8191
8190
8190
8190
8189
8189
8189
8190
8190
8190
8190
8189
8188
8188
8188
8188
8188
8189
8189
8189
8189
8189
8189
8189
8190
8191
8191
8191
8191
8191
8191
8191
8190
8190
8190
8190
8192
8192
8191
8190
8190
8190
8190
8190
8191
8192
8192
8191
8191
8191
8191
8191
8191
8192
8192
8192
8192
8191
8191
8191
8191
8191
8191
8191
8190
8190
8190
8191
8192
8192
8192
8192
8192
8192
8192
8193
8193
8193
8193
8194
8194
8194
8193
8193
8193
8193
8192
8192
8192
8192
8193
8193
8194
8194
8194
8194
8194
8193
8193
8193
8193
8192
8191
8191
8195
8195
8195
8195
8195
8195
8196
8196
8195
8195
8194
8195
8195
8195
8195
8195
8195
8195
8195
8196
8196
8196
8197
8197
8197
8197
8197
8196
8196
8194
8194
8194
8193
8193
8193
8193
8193
8193
8194
8194
8194
8194
8194
8194
8194
8194
8194
8194
8194
8194
8193
8192
8191
8191
8191
8192
8192
8193
8193
8193
8193
8193
8193
8193
8192
8192
8192
8192
8192
8192
8192
8192
8192
8192
8192
8192
8192
8192
8192
8192
8192
8192
8192
8192
8193
8192
8192
8192
8192
8192
8192
8192
8192
8192
8193
8193
8194
8194
8194
8194
8194
8194
8194
8194
8193
8193
8192
8191
8192
8192
8192
8192
8192
8192
8192
8192
8193
8193
8193
8193
8193
8193
8193
8193
8192
8191
8191
8191
8191
8191
8191
8190
8189
8189
8188
8189
8189
8189
8189
8189
8190
8189
8189
8188
8188
8188
8188
8189
8189
8190
8189
8188
8188
8188
8188
8188
8188
8189
8189
8189
8189
8189
8189
8189
8189
8187
8187
8187
8187
8187
8187
8187
8188
8188
8188
8189
8189
8190
8189
8189
8189
8188
8187
8187
8187
8187
8187
8188
8188
8189
8190
8190
8190
8190
8189
8190
8190
8191
8191
8191
8191
8191
8191
8190
8189
8188
8188
8188
8188
8188
8188
8188
8188
8187
8187
8187
8187
8187
8187
8188
8188
8188
8187
8187
8186
8186
8190
8191
8191
8191
8189
8189
8189
8189
8189
8189
8188
8188
8188
8188
8188
8188
8188
8188
8188
8188
8188
8188
8188
8187
8187
8187
8187
8187
8188
8188
8188
8188
8188
8188
8188
8188
8188
8188
8188
8188
8188
8189
8189
8188
8188
