8188
8189
8188
8189
8189
8189
8189
8189
8188
8188
8188
8188
8187
8187
8187
8187
8187
8187
8187
8187
8188
8188
8188
8187
8188
8188
8188
8188
8187
8187
8187
8188
8188
8188
8187
8187
8187
8187
8187
8187
8187
8188
8188
8189
8189
8189
8189
8189
8190
8189
8189
8190
8189
8189
8188
8193
8193
8193
8193
8193
8192
8193
8193
8193
8193
8193
8193
8193
8194
8194
8194
8194
8194
8194
8194
8194
8194
8193
8193
8193
8193
8193
8193
8194
8194
8194
8195
8195
8195
8198
8198
8198
8199
8199
8198
8198
8199
8199
8199
8200
8200
8200
8200
8200
8200
8200
8199
8198
8198
8198
8199
8199
8199
8200
8200
8201
8201
8201
8201
8201
8202
8204
8204
8204
8204
8204
8204
8204
8204
8204
8204
8204
8203
8202
8202
8203
8203
8203
8203
8203
8203
8204
8204
8205
8205
8205
8204
8204
8204
8204
8204
8203
8202
8208
8208
8208
8208
8207
8206
8206
8205
8206
8206
8207
8207
8207
8207
8207
8208
8208
8208
8208
8207
8207
8207
8207
8205
8206
8206
8206
8207
8208
8208
8208
8208
8209
8209
8209
8209
8207
8207
8207
8207
8208
8208
8208
8208
8208
8209
8209
8209
8209
8209
8208
8208
8208
8208
8207
8207
8206
8207
8207
8208
8208
8208
8209
8209
8209
8209
8209
8210
8209
8209
8209
8209
8209
8209
8210
8210
8209
8209
8209
8209
8208
8208
8208
8209
8209
8209
8209
8209
8209
8208
8208
8208
8208
8208
8208
8208
8208
8207
8205
8205
8205
8205
8205
8204
8203
8202
8202
8202
8202
8202
8202
8202
8202
8202
8201
8201
8201
8201
8201
8202
8202
8202
8201
8200
8199
8200
8200
8200
8200
8201
8201
8201
8201
8201
8198
8197
8197
8197
8198
8197
8197
8197
8198
8198
8197
8197
8198
8198
8198
8198
8199
8199
8198
8198
8197
8197
8197
8197
8197
8198
8198
8199
8199
8200
8200
8200
8197
8197
8197
8197
8197
8197
8196
8197
8197
8198
8198
8199
8198
8197
8197
8197
8196
8197
8197
8197
8197
8197
8197
8197
8197
8197
8197
8197
8197
8197
8197
8196
8197
8197
8197
8197
8197
8197
8197
8197
8196
8196
8196
8196
8196
8196
8196
8197
8197
8197
8197
8197
8197
8197
8197
8197
8197
8197
8196
8195
8195
8195
8196
8196
8197
8197
8197
8195
8194
8194
8193
8193
8192
8193
8193
8193
8193
8193
8194
8195
8195
8196
8196
8196
8196
8197
8196
8195
8194
8194
8194
8194
8194
8194
8194
8194
8194
8194
8193
8194
8194
8194
8194
8194
8193
8193
8193
8194
8193
8193
8193
8192
8192
8192
8192
8193
8193
8193
8193
8194
8194
8194
8194
8194
8194
8194
8194
8195
8195
8194
8194
8194
8193
8194
8194
8195
8194
8194
8194
8194
8194
8194
8194
8195
8194
8194
8194
8195
8195
8195
8195
8195
8195
8194
8194
8193
8192
8192
8191
8192
8192
8192
8192
8192
8192
8192
8195
8194
8193
8192
8192
8192
8193
8193
8192
8192
8192
8192
8192
8192
8193
8193
8194
8194
8194
8194
8193
8192
8192
8192
8192
8192
8192
8192
8192
8192
8192
8192
8193
8193
8193
8194
8194
8194
8194
8194
8195
8195
8195
8195
8194
8193
8192
8192
8192
8192
8193
8193
8193
8193
8193
8193
8194
8193
8194
8193
8193
8193
8193
8193
8193
8192
8191
8191
8195
8195
8195
8195
8195
8195
8196
8196
8195
8195
8195
8195
8195
8196
8195
8195
8195
8196
8196
8196
8196
8195
8195
8196
8196
8195
8194
8194
8194
8194
8195
8194
8193
8192
8192
8192
8192
8192
8193
8193
8193
8193
8193
8193
8193
8193
8193
