8182
8183
8183
8184
8184
8184
8184
8183
8183
8183
8183
8183
8183
8183
8183
8183
8183
8183
8183
8184
8184
8184
8184
8183
8183
8182
8181
8181
8181
8181
8181
8181
8181
8181
8181
8182
8182
8182
8182
8181
8181
8182
8182
8183
8183
8184
8184
8184
8184
8184
8183
8182
8181
8181
8181
8182
8182
8182
8182
8182
8183
8183
8183
8183
8183
8184
8184
8184
8185
8184
8183
8183
8183
8183
8183
8184
8185
8185
8185
8185
8185
8184
8184
8185
8185
8185
8185
8185
8185
8185
8185
8185
8185
8185
8185
8185
8185
8185
8185
8184
8183
8182
8182
8182
8182
8183
8183
8183
8182
8182
8182
8182
8183
8183
8184
8184
8184
8184
8184
8184
8184
8184
8184
8184
8184
8184
8183
8183
8183
8183
8183
8183
8184
8183
8183
8183
8183
8181
8181
8181
8181
8181
8181
8181
8182
8182
8183
8183
8183
8182
8181
8181
8181
8180
8180
8181
8180
8181
8181
8181
8181
8182
8181
8181
8181
8181
8181
8183
8183
8183
8183
8183
8183
8182
8182
8182
8182
8182
8182
8182
8182
8183
8183
8183
8183
8183
8183
8184
8184
8184
8184
8183
8182
8182
8182
8183
8183
8184
8184
8185
8185
8185
8185
8186
8185
8184
8184
8184
8184
8185
8185
8186
8187
8187
8188
8187
8187
8187
8188
8187
8187
8187
8187
8186
8187
8187
8187
8188
8188
8188
8188
8188
8188
8188
8188
8185
8185
8186
8186
8186
8186
8187
8187
8187
8187
8187
8187
8186
8185
8184
8184
8184
8184
8184
8183
8184
8184
8184
8184
8185
8185
8185
8185
8185
8185
8185
8184
8184
8184
8184
8184
8184
8184
8183
8183
8182
8182
8182
8183
8183
8183
8183
8183
8183
8184
8184
8183
8183
8183
8183
8183
8183
8183
8182
8182
8182
8182
8182
8182
8181
8181
8181
8181
8182
8182
8182
8182
8182
8182
8182
8182
8181
8181
8181
8182
8182
8182
8181
8180
8181
8181
8181
8181
8181
8180
8180
8179
8179
8179
8180
8180
8180
8179
8180
8180
8180
8180
8180
8181
8181
8181
8181
8180
8181
8181
8180
8179
8179
8179
8179
8179
8179
8180
8180
8180
8181
8181
8182
8182
8182
8182
8182
8182
8182
8182
8182
8183
8183
8183
8183
8183
8183
8182
8182
8182
8182
8182
8183
8183
8184
8184
8184
8184
8185
8184
8184
8184
8183
8183
8184
8183
8182
8182
8182
8183
8183
8183
8182
8181
8181
8181
8181
8181
8181
8181
8181
8181
8181
8181
8182
8182
8183
8183
8183
8183
8183
8182
8182
8182
8182
8182
8182
8183
8183
8183
8183
8183
8183
8183
8184
8184
8184
8183
8183
8183
8183
8184
8184
8184
8185
8185
8185
8185
8185
8185
8185
8185
8184
8185
8185
8185
8185
8185
8185
8186
8186
8186
8186
8186
8186
8187
8187
8187
8187
8190
8190
8190
8190
8190
8191
8190
8190
8190
8189
8189
8188
8188
8189
8188
8188
8188
8188
8188
8189
8189
8189
8189
8189
8189
8189
8189
8188
8188
8191
8191
8190
8190
81
8190
8190
8190
8190
8190
8190
8190
8190
8190
8191
8191
8191
8191
8191
8191
8190
8190
8190
8190
8190
8190
8190
8190
8190
8190
8190
8190
8188
8188
8188
8188
8188
8188
8188
8188
8188
8188
8188
8188
8188
8188
8187
8186
8186
8186
8186
8186
8186
8186
8185
8185
8185
8185
8185
8186
8186
8187
8187
8187
8186
8185
8185
8185
8187
8187
8187
8187
8187
8187
8186
8186
8185
8185
8184
8185
8185
8185
8186
8186
8187
8187
8187
8187
8187
8187
8187
8187
8187
8188
8188
8187
8187
8186
8186
8186
8188
8188
8187
8186
8186
8187
8187
