8200
8201
8201
8201
8201
8202
8201
8201
8201
8201
8201
8201
8201
8200
8199
8198
8197
8197
8198
8198
8198
8198
8199
8199
8199
8199
8199
8198
8198
8198
8198
8198
8197
8196
8196
8196
8196
8196
8196
8196
8196
8197
8197
8196
8195
8194
8195
8195
8196
8196
8197
8197
8197
8197
8197
8197
8197
8197
8197
8198
8198
8198
8197
8197
8197
8197
8197
8197
8197
8197
8197
8197
8197
8197
8197
8192
8192
8193
8193
8193
8194
8194
8194
8194
8194
8194
8195
8195
8194
8193
8193
8193
8193
8193
8194
8194
8194
8194
8195
8195
8195
8196
8196
8196
8196
8196
8196
8198
8198
8198
8198
8198
8198
8197
8196
8196
8196
8195
8195
8196
8196
8196
8196
8196
8197
8197
8198
8198
8198
8198
8198
8198
8198
8197
8197
8197
8197
8197
8197
8198
8198
8198
8198
8196
8196
8195
8194
8194
8194
8194
8194
8194
8195
8195
8195
8195
8195
8195
8196
8195
8196
8196
8196
8195
8194
8195
8195
8195
8195
8196
8196
8196
8196
8197
8197
8193
8193
8193
8193
8193
8193
8193
8193
8193
8193
8193
8193
8193
8192
8192
8191
8192
8192
8193
8193
8193
8192
8192
8193
8193
8193
8194
8194
8194
8194
8194
8194
8193
8193
8193
8193
8193
8194
8194
8194
8193
8192
8192
8192
8192
8192
8192
8192
8192
8192
8193
8193
8193
8193
8193
8194
8194
8194
8194
8193
8193
8193
8193
8193
8193
8192
8192
8192
8194
8194
8193
8193
8192
8192
8192
8192
8192
8193
8193
8193
8193
8193
8194
8194
8194
8195
8195
8195
8195
8194
8194
8194
8194
8194
8194
8195
8195
8196
8196
8196
8195
8196
8196
8196
8197
8197
8198
8199
8199
8199
8199
8199
8199
8199
8199
8199
8198
8198
8198
8198
8198
8198
8198
8198
8199
8199
8199
8199
8199
8199
8200
8200
8200
8199
8199
8199
8199
8199
8199
8199
8198
8197
8196
8196
8196
8197
8197
8197
8198
8198
8199
8198
8198
8199
8199
8199
8199
8199
8199
8199
8199
8198
8199
8199
8199
8199
8199
8199
8198
8198
8198
8197
8196
8196
8196
8196
8195
8195
8195
8196
8196
8196
8196
8196
8196
8197
8197
8197
8197
8197
8196
8196
8196
8196
8196
8196
8196
8196
8196
8197
8198
8199
8199
8199
8199
8199
8199
8199
8199
8199
8199
8198
8199
8199
8199
8199
8198
8198
8198
8198
8199
8199
8200
8200
8200
8200
8200
8200
8200
8200
8201
8201
8201
8201
8200
8199
8197
8197
8197
8197
8197
8197
8198
8198
8198
8197
8196
8196
8196
8196
8196
8196
8197
8197
8197
8198
8198
8198
8198
8198
8199
8199
8199
8199
8198
8198
8197
8198
8199
8199
8199
8198
8197
8197
8198
8198
8198
8198
8198
8198
8198
8198
8199
8199
8199
8199
8199
8199
8199
8199
8199
8198
8198
8198
8198
8198
8198
8198
8195
8195
8196
8196
8196
8197
8197
8198
8198
8198
8198
8198
8198
8198
8198
8197
8197
8196
8196
8196
8197
8197
8198
8198
8198
8199
8199
8198
8198
8199
8198
8198
8198
8199
8198
8197
8196
8196
8197
8198
8198
8198
8198
8199
8199
8199
8198
8197
8197
8197
8197
8198
8198
8199
8199
8200
8200
8199
8199
8199
8199
8198
8198
8198
8197
8196
8196
8196
8198
8198
8199
8198
8197
8197
8197
8197
8197
8197
8198
8197
8197
8197
8197
8197
8197
8198
8198
8198
8198
8198
8197
8196
8196
8196
8196
8196
8196
8196
8197
8197
8196
8196
8196
8196
8196
8196
8196
8197
8197
8197
8198
8198
8198
8198
8199
8198
8198
8199
8199
8199
8199
8198
8197
8197
8197
8197
8197
