8190
8190
8189
8189
8189
8190
8190
8190
8190
8190
8191
8191
8191
8191
8191
8191
8191
8191
8191
8191
8191
8191
8191
8191
8191
8191
8191
8189
8189
8188
8188
8188
8188
8189
8189
8189
8190
8190
8190
8191
8191
8191
8191
8191
8191
8190
8190
8190
8190
8190
8190
8191
8191
8190
8190
8189
8190
8190
8190
8190
8190
8190
8190
8190
8190
8190
8191
8191
8192
8192
8192
8192
8192
8191
8191
8194
8194
8194
8194
8195
8194
8193
8192
8192
8192
8192
8192
8193
8193
8193
8193
8194
8194
8193
8193
8193
8193
8193
8193
8192
8191
8191
8191
8192
8193
8193
8193
8192
8192
8192
8193
8193
8193
8194
8193
8193
8193
8194
8193
8194
8194
8195
8195
8195
8194
8193
8193
8193
8193
8194
8195
8195
8195
8195
8195
8195
8195
8195
8195
8196
8197
8197
8197
8195
8196
8196
8196
8196
8196
8196
8195
8196
81
8196
8196
8196
8195
8195
8195
8195
8195
8195
8196
8196
8196
8195
8196
8196
8196
8196
8196
8196
8197
8196
8195
8195
8194
8194
8194
8194
8194
8193
8193
8193
8193
8193
8194
8194
8194
8194
8194
8194
8194
8194
8195
8195
8196
8196
8196
8195
8195
8195
8195
8195
8194
8193
8193
8193
8193
8193
8193
8193
8194
8194
8194
8194
8194
8193
8194
8194
8194
8194
8193
8192
8192
8191
8192
8192
8192
8192
8193
8193
8193
8193
8194
8194
8194
8194
8194
8193
8191
8192
8192
8192
8192
8192
8192
8192
8192
8192
8192
8192
8192
8191
8191
8191
8191
8191
8192
8192
8192
8192
8192
8193
8193
8193
8194
8194
8194
8194
8194
8193
8192
8193
8193
8193
8193
8193
8192
8191
8191
8191
8191
8192
8192
8193
8193
8193
8192
8192
8192
8192
8191
8192
8192
8191
8192
8191
8190
8190
8190
8190
8191
8191
8192
8191
8191
8192
8190
8190
8190
8190
8190
8191
8191
8191
8191
81
8191
8191
8191
8191
8192
8192
8193
8193
8192
8191
8190
8190
8190
8190
8190
8190
8191
8192
8192
8192
8192
8192
8193
8193
8194
8193
8193
8193
8193
8193
8194
8194
8194
8194
8194
8194
8193
8192
8192
8192
8193
8193
8193
8193
8193
8193
8194
8194
8194
8195
8195
8193
8193
8193
8193
8193
8193
8193
8192
8191
8192
8192
8193
8193
8193
8194
8194
8194
8194
8195
8195
8195
8194
8195
8195
8196
8195
8195
8195
8195
8195
8195
8195
8195
8195
8196
8196
8194
8193
8193
8193
8193
8193
8193
8193
8193
8193
8193
8193
8194
8194
8193
8193
8194
8193
8193
8193
8192
8192
8192
8192
8192
8192
8192
8192
8192
8192
8192
8192
8189
8189
8189
8189
8189
8189
8189
8189
8189
8189
8189
8189
8189
8188
8188
8188
8188
8188
8189
8189
8189
8189
8189
8189
8189
8189
8189
8190
8190
8190
8190
8190
8189
8189
8188
8188
8191
8191
8191
8191
8191
8191
8191
8190
8190
81
8190
8190
8190
8190
8190
8190
8191
8191
8191
8192
8192
8191
8191
8191
8191
8190
8189
8187
8187
8187
8187
8187
8191
8191
8190
8190
8190
8190
8190
8191
8191
8191
8191
8191
8192
8193
8193
8193
8193
8193
8193
8193
8192
8191
8191
8191
8191
8191
8192
8192
8192
8191
8191
8192
8192
8192
8191
8192
8192
8192
8192
8191
8191
8191
8191
8190
8190
8190
8190
8190
8190
8191
8191
8191
8191
8191
8191
8191
8191
8191
8191
8192
8192
8191
8191
8190
8190
8189
8190
8190
8190
8191
8190
8190
8190
8190
8189
8188
8188
8188
8188
8189
8189
8188
8188
8188
8188
8187
8187
8188
8188
8188
8189
8189
8188
8187
8186
