8197
8197
8197
8196
8196
8195
8195
8194
8195
8195
8195
8196
8196
8196
8196
8195
8195
8195
8196
8196
8196
8196
8196
8196
8195
8194
8197
8197
8197
8197
8197
8196
8195
8194
8194
8194
8194
8193
8194
8194
8194
8194
8194
8194
8194
8194
8194
8194
8194
8194
8193
8193
8193
8193
8193
8194
8194
8195
8195
8196
8193
8194
8194
8194
8195
8195
8195
8195
8194
8194
8194
8194
8195
8195
8195
8196
8196
8196
8195
8194
8194
8194
8193
8194
8194
8194
8195
8195
8195
8195
8195
8195
8196
8196
8196
8196
8196
8196
8196
8196
8197
8197
8197
8197
8196
8196
8195
8195
8196
8196
8196
8196
8197
8196
8196
8196
8196
8196
8196
8196
8196
8196
8197
8196
8195
8195
8195
8195
8195
8195
8194
8193
8193
8193
8193
8193
8192
8192
8192
8192
8193
8194
8194
8194
8194
8194
8194
8194
8193
8192
8192
8192
8193
8193
8194
8194
8194
8194
8194
8194
8191
8191
8190
8190
8190
8190
8191
8191
8191
8191
8191
8191
8191
8191
8192
8191
8191
8191
8191
8190
8190
8190
8190
8190
8190
8190
8190
8190
8190
8191
8191
8191
8193
8193
8194
8194
8194
8194
8195
8195
8195
8195
8195
8195
8195
8193
8192
8192
8192
8192
8193
8193
8193
8194
8193
8193
8193
8193
8193
8193
8193
8194
8195
8195
8195
8195
8195
8196
8196
8195
8195
8194
8194
8194
8194
8194
8195
8194
8194
8195
8195
8194
8194
8194
8195
8194
8194
8194
8194
8193
8193
8193
8193
8194
8194
8194
8195
8195
8194
8194
8194
8193
8193
8193
8193
8193
8193
8193
8193
8193
8193
8193
8193
8193
8193
8194
8194
8193
8193
8193
8193
8193
8193
8193
8193
8193
8193
8193
8193
8193
8191
8192
8192
8192
8191
8192
8192
8192
8192
8192
8192
8192
8192
8192
8192
8191
8191
8191
8192
8192
8192
8193
8193
8193
8193
8194
8194
8194
8195
8194
8194
8194
8192
8193
8193
8193
8193
8193
8193
8192
8191
8190
8190
8190
8190
8190
8190
8191
8191
8191
8191
8191
8191
8191
8191
8191
8191
8191
8191
8190
8190
8190
8190
8190
8191
8191
8190
8
8189
8189
8189
8189
8190
8190
8190
8190
8190
8190
8190
8191
8191
8191
8192
8192
8191
8190
8189
8189
8190
8190
8190
8190
8190
8190
8190
8190
8190
8191
8190
8190
8190
8190
8190
8190
8190
8190
8190
8191
8191
8191
8192
8192
8191
8190
8190
8190
8190
8190
8190
8190
8191
8191
8191
8191
8191
8191
8191
8192
8192
8192
8191
8190
8191
8191
8191
8191
8192
8191
8191
8190
8189
8189
8190
8190
8190
8190
8191
8191
8191
8192
8192
8192
8192
8192
8193
8192
8192
8192
8190
8190
8189
8190
8192
8193
8192
8191
8191
8191
8191
8192
8192
8192
8193
8193
8193
8193
8193
8193
8193
8193
8193
8193
8193
8192
8191
8191
8191
8192
8192
8193
8193
8193
8193
8193
8193
8193
8194
8194
8196
8195
8195
8195
8195
8195
8195
8195
8196
8196
8196
8196
8197
8197
8197
8196
8195
8195
8195
8195
8195
8196
8196
8197
8197
8197
8198
8198
8198
8198
8198
8198
8196
8196
8196
8197
8196
8197
8197
8197
8198
8198
8198
8197
8197
8197
8197
8197
8197
8196
8197
8197
8197
8197
8197
8197
8198
8198
8198
8198
8199
8199
8199
8198
8198
8198
8198
8197
8196
8196
8196
8197
8197
8198
8199
8199
8199
8199
8200
8200
8200
8200
8200
8199
8200
8199
8198
8197
8197
8197
8197
8197
8197
8197
8198
8198
8197
8197
8197
8197
8197
8197
8197
8197
8197
8197
8198
8198
8198
8198
8198
8198
