8191
8191
8191
8191
8191
8191
8191
8191
8191
8190
8190
8190
8190
8190
8190
8190
8191
8191
8191
8191
8192
8192
8192
8192
8192
8192
8192
8193
8194
8195
8195
8194
8194
8194
8194
8194
8194
8194
8194
8193
8193
8193
8193
8193
8193
8193
8194
8194
8194
8193
8193
8193
8193
8193
8193
8193
8193
8192
8194
8194
8194
8194
8194
8194
8194
8192
8192
8192
8192
8193
8193
8194
8194
8194
8194
8194
8194
8194
8194
8194
8194
8194
8195
8194
8193
8193
8194
8194
8194
8194
8195
8194
8194
8194
8194
8194
8194
8194
8194
8193
8193
8193
8194
8194
8194
8195
8194
8194
8194
8193
8192
8192
8192
8193
8193
8193
8193
8192
8192
8192
8192
8193
8192
8193
8192
8193
8193
8193
8194
8194
8194
8195
8195
8195
8195
8196
8196
8196
8195
8195
8195
8195
8195
8195
8195
8195
8195
8195
8195
8195
8195
8195
8195
8195
8195
8196
8196
8196
8196
8196
8195
8195
8195
8194
8194
8194
8193
8193
8193
8193
8193
8194
8194
8194
8194
8194
8194
8194
8195
8195
8194
8193
8193
8193
8193
8194
8194
8194
8194
8195
8195
8195
8194
8194
8194
8194
8194
8194
8194
8194
8194
8194
8195
8195
8195
8195
8195
8196
8196
8195
8194
8193
8193
8193
8193
8193
8193
8193
8193
8193
8193
8193
8193
8192
8193
8193
8194
8194
8194
8194
8194
8194
8194
8194
8194
8194
8193
8193
8193
8192
8192
8192
8193
8193
8192
8193
8192
8192
8192
8192
8192
8191
8191
8191
8191
8193
8193
8193
8193
8193
8193
8193
8192
8191
8192
8192
8192
8192
8193
8193
8193
8193
8193
8193
8193
8193
8194
8194
8194
8194
8194
8193
8192
8192
8192
8192
8192
8193
8193
8194
8194
8196
8196
8195
8195
8195
8195
8194
8195
8195
8195
8195
8195
8196
8195
8196
8195
8195
8195
8195
8195
8194
8194
8194
8194
8195
8195
8195
8196
8196
8196
8198
8198
8198
8198
8198
8199
8200
8200
8201
8201
8201
8202
8202
8202
8201
8201
8202
8202
8201
8201
8201
8201
8201
8201
8201
8202
8202
8202
8202
8202
8202
8203
8203
8203
8203
8203
8204
8204
8204
8204
8203
8203
8204
8204
8204
8204
8205
8205
8205
8205
8206
8206
8207
8207
8207
8207
8206
8205
8204
8203
8203
8203
8204
8204
8204
8204
8205
8204
8207
8207
8206
8206
8205
8206
8206
8207
8207
8208
8208
8208
8208
8208
8208
8209
8209
8208
8208
8208
8208
8207
8207
8206
8207
8207
8207
8208
8208
8209
8209
8209
8207
8207
8207
8207
8208
8208
8208
8208
8207
8207
8207
8207
8207
8206
8205
8205
8205
8206
8206
8207
8207
8207
8207
8206
8206
8206
8206
8207
8207
8207
8207
8207
8204
8204
8204
8204
8204
8204
8203
8202
8202
8202
8202
8202
8202
8202
8202
8202

8203
8203
8203
8203
8203
8203
8203
8203
8203
8202
8202
8202
8202
8202
8202
8202
8203
8202
8202
8202
8202
8201
8201
8201
8201
8201
8202
8202
8202
8203
8203
8203
8203
8203
8203
8204
8204
8204
8202
8202
8202
8202
8202
8202
8202
8202
8202
8203
8203
8203
8204
8202
8202
8202
8203
8203
8202
8202
8202
8203
8202
8202
8202
8201
8201
8201
8201
8201
8201
8201
8201
8201
8201
8201
8201
8201
8201
8201
8201
8202
8202
8202
8201
8201
8201
8201
8201
8202
8202
8202
8201
8200
8199
8200
8200
8200
8200
8200
8200
8200
8200
8200
8200
8201
8201
8201
8202
8202
8201
8200
8200
8199
8199
8199
8199
8199
8199
8199
8199
8198
8197
8197
8197
8197
8197
8198
8198
8198
8199
8199
