8091
8091
8092
8092
8092
8092
8092
8091
8091
8090
8090
8090
8090
8090
8090
8090
8090
8090
8089
8089
8089
8089
8089
8089
8089
8089
8090
8090
8090
8090
8090
8091
8091
8091
8091
8091
8091
8091
8091
8092
8091
8091
8
8091
8091
8091
8091
8091
8091
8091
8091
8091
8091
8091
8091
8091
8091
8091
8091
8091
8090
8090
8090
8090
8091
8091
8091
8091
8091
8091
8091
8091
8091
8091
8091
8092
8092
8092
8093
8093
8094
8094
8094
8094
8093
8093
8092
8092
8092
8091
8091
8091
8091
8091
8091
8091
8090
8090
8090
8090
8090
8091
8091
8091
8093
8093
8092
8092
8092
8092
8092
8092
8092
8092
8091
8091
8091
8092
8092
8092
8092
8092
8092
8092
8092
8092
8092
8093
8093
8092
8093
8093
8092
8092
8092
8092
8092
8091
8091
8091
8091
8091
8091
8091
8092
8092
8092
8092
8092
8092
8092
8092
8092
8092
8092
8092
8092
8092
8092
8092
8093
8092
8093
8093
8094
8095
8095
8095
8095
8095
8095
8095
8095
8095
8095
8095
8095
8095
8096
8096
8095
8095
8095
8095
8095
8095
8096
8096
8096
8096
8097
8097
8097
8097
8097
8098
8098
8098
8098
8097
8097
8097
8097
8097
8098
8098
8098
8098
8098
8097
8097
8097
8097
8097
8097
8097
8097
8098
8097
8098
8098
8098
8098
8098
8098
8098
8097
8097
8096
8096
8096
8096
8096
8096
8095
8095
8096
8095
8096
8096
8096
8096
8096
8097
8096
8096
8097
8096
8096
8097
8097
8097
8097
8096
8096
8096
8097
8097
8097
8097
8098
8097
8095
8095
8095
8095
8095
8095
8095
8095
8096
8096
8095
8096
8095
8095
8096
8096
8095
8095
8095
8095
8095
8096
8096
8096
8096
8096
8097
8097
8097
8097
8097
8097
8095
8095
8095
8095
8095
8095
8095
8096
8095
8095
8094
8093
8093
8092
8092
8092
8092
8091
8092
8092
8093
8093
8094
8094
8094
8094
8094
8094
8094
8093
8093
8093
8092
8092
8092
8092
8091
8091
8092
8092
8092
8091
8091
8091
8091
8091
8092
8092
8092
8092
8092
8092
8093
8092
8092
8092
8092
8092
8092
8091
8091
8091
8091
8091
8091
8091
8091
8091
8094
8094
8095
8094
8094
8094
8094
8094
8094
8094
8094
8094
8094
8094
8094
8094
8093
8093
8093
8093
8093
8094
8094
8094
8094
8094
8094
8095
8090
8091
8091
8091
8091
8090
8090
8090
8091
8090
8090
8090
8090
8090
8089
8089
8089
8089
8089
8089
8089
8089
8090
8089
8089
8089
8089
8089
8089
8089
8089
8089
8089
8089
8089
8089
8090
8090
8091
8091
8090
8090
8090
8090
8090
8090
8091
8091
8091
8091
8091
8091
8091
8092
8092
8092
8092
8093
8093
8093
8093
8093
8093
8092
8092
8093
8093
8092
8093
8093
8093
8093
8093
8093
8093
8093
8094
8093
8093
8093
8094
8093
8093
8093
8093
8093
8093
8093
8093
8093
8093
8094
8093
8094
8094
8095
8095
8095
8095
8095
8093
8093
8093
8093
8093
8093
8093
8093
8094
8093
8093
8092
8092
8092
8092
8092
8092
8092
8092
8092
8092
8092
8092
8092
8092
8092
8091
8091
8092
8092
8092
8092
8093
8094
8093
8093
8093
8093
8093
8093
8093
8093
8093
8093
8093
8093
8093
8093
8093
8094
8093
8093
8094
8094
8094
8094
8094
8094
8093
8093
8093
8094
8094
8094
8094
8094
8094
8094
8093
8093
8093
8093
8093
80
8094
8094
8094
8094
8095
8095
8095
8095
8096
8096
8095
8095
8094
8094
8094
8094
8094
8095
8095
8094
8094
8094
8094
8094
8094
8094
8092
8092
8092
8092
8092
8092
8092
8092
8092
8092
