8066
8067
8067
8067
8068
8068
8068
8068
8068
8068
8067
8067
8067
8068
8068
8068
8067
8067
8067
8067
8067
8067
8067
8067
8067
8068
8068
8068
8068
8068
8068
8068
8069
8069
8069
8068
8068
8068
8068
8068
8068
8068
8068
8068
8068
8071
8071
8071
8071
8071
8072
8072
8072
8072
8072
8072
8072
8072
8072
8071
8071
8070
8070
8070
8070
8070
8070
8070
8070
8070
8070
8070
8070
8070
8070
8071
8071
8071
8072
8071
8071
8073
8073
8073
8073
8073
8073
8074
8074
8074
8073
8073
8073
8073
8073
8073
8073
8073
8073
8073
8073
8073
8073
8073
8074
8073
8073
8073
8073
8073
8072
8072
8072
8074
8074
8074
8073
8074
8074
8074
8074
8074
8074
8074
8074
8073
8073
8073
8073
8073
8073
8073
8073
8073
8073
8073
8072
8072
8072
8071
8072
8072
8072
8072
8072
8074
8074
8074
8075
8075
8075
8075
8074
8075
8074
8074
8074
8074
8074
8075
8074
8074
8074
8074
8074
8074
8073
8073
8073
8073
8074
8073
8074
8074
8074
8074
8074
8074
8074
8074
8074
8075
8075
8075
8076
8076
8076
8076
8076
8076
8076
8076
8075
8075
8075
8075
8075
8075
8075
8076
8075
8075
8075
8075
8075
8075
8075
8075
8075
8075
8075
8075
8075
8078
8078
8079
8078
8078
8078
8079
8079
8079
8079
8080
8080
8080
8080
8080
8080
8080
8080
8080
8080
8080
8080
8080
8079
8079
8079
8079
8079
8079
8079
8079
8079
8080
8080
8079
8079
8082
8082
8082
8082
8082
8083
8083
8083
8083
8083
8084
8083
8083
8083
8083
8083
8083
8083
8083
8083
8083
8083
8083
8083
8083
8083
8083
8083
8082
8083
8082
8082
8081
8081
8081
8081
8081
8081
8081
8081
8080
8080
8080
8080
8080
8080
8080
8080
8080
8081
8081
8080
8080
8080
8080
8080
8080
8080
8080
8080
8080
8080
8080
8080
8080
8080
8080
8080
8079
8079
8079
8079
8079
8079
8079
8079
8079
8079
8079
8079
8079
8080
8080
8080
8079
8079
8079
8079
8079
8079
8079
8080
8079
8079
8079
8077
8077
8078
8078
8079
8079
8079
8079
8079
8079
8079
8079
8080
8079
8079
8079
8080
8079
8079
8079
8079
8079
8080
8080
8080
8080
8080
8080
8080
8080
8080
8080
8080
8080
8080
8081
8078
8078
8078
8079
8079
8079
8078
8078
8078
8079
8078
8078
8077
8077
8077
8077
8077
8077
8077
8077
8077
8077
8077
8077
8077
8078
8078
8078
8078
8078
8078
8078
8078
8078
8078
8078
8078
8078
8077
8077
8077
8077
8077
8077
8077
8077
8077
8077
8078
8077
8077
8078
8077
8077
8077
8077
8077
8076
8076
8076
8076
8077
8077
8077
8077
8076
8077
8076
8077
8077
8077
8077
8078
8078
8077
8077
8077
8078
8078
8078
8078
8077
8077
8077
8077
8077
8076
8076
8076
8076
8077
8077
8077
8077
8077
8077
8077
8078
8077
8077
8078
8078
8078
8078
8079
8078
8078
8078
8078
8078
8077
8077
8076
8076
8076
8076
8076
8076
8076
8076
8077
8077
8077
8077
8077
8077
8078
8078
8078
8078
8078
8077
8077
8077
8077
8077
8077
8077
8076
8075
8075
8075
8075
8076
8076
8076
8076
8076
8076
8077
8077
8077
8077
8077
8077
8077
8076
8076
8076
8076
8076
8076
8076
8074
8074
8074
8074
8074
8074
8074
8075
8075
8075
8075
8075
8075
8075
8075
8074
8075
8075
8074
8074
8074
8073
8073
8073
8073
8073
8073
8073
8073
8074
8073
8073
8072
8073
8073
8073
8
8074
8074
8075
8075
8074
8074
8074
8074
8075
8075
8075
8074
8074
8075
8075
8075
8075
8075
8076
8076
