8094
8094
8094
8094
8093
8093
8093
8093
8093
8093
8093
8093
8093
8093
8093
8093
8093
8093
8093
8093
8093
8092
8091
8094
8094
8094
8094
8094
8094
8094
8093
8093
8093
8093
8093
8093
8093
8093
8093
8092
8092
8092
8092
8092
8093
8093
8092
8093
8093
8092
8093
8093
8093
8093
8093
8091
8091
8091
8091
8091
8092
8092
8091
8091
8091
8091
8091
8091
8091
8091
8091
8092
8091
8091
8091
8091
8092
8091
8091
8092
8092
8092
8092
8092
8092
8093
8092
8092
8092
8092
8092
8092
8093
8093
8094
8094
8094
8094
8094
8094
8093
8094
8094
8094
8094
8094
8094
8094
8093
8093
8093
8094
8093
8094
8093
8093
8093
8093
8092
8091
8090
8090
8091
8090
8090
8090
8091
8091
8091
8091
8092
8092
8092
8093
8093
8093
8093
8093
8094
8093
8094
8094
8094
8093
8093
8093
8093
8094
8094
8093
8094
8095
8095
8095
8094
8094
8094
8094
8093
8093
8094
8094
8094
8094
8094
8094
8094
8094
8094
8095
8095
8095
8095
8095
8095
8095
8095
8095
8095
8095
8095
8096
8096
8095
8095
8095
8095
8095
8095
8095
8095
8095
8095
8094
8094
8093
8093
8092
8092
8092
8092
8092
8092
8092
8093
8093
8093
8094
8094
8094
8094
8093
8093
8093
8093
8093
8093
8093
8092
8092
8092
8092
8093
8093
8093
8093
8093
8094
8095
8095
8095
8095
8095
8095
8095
8094
8094
8094
8093
8093
8092
8092
8093
8093
8093
8093
8093
8092
8092
8091
8091
8091
8091
8091
8091
8091
8091
8091
8091
8092
8092
8092
8093
8093
8092
8092
8092
8092
8092
8092
8093
8093
8093
8093
8093
8093
8094
8094
8093
8091
8091
8091
8091
8091
8091
8091
8091
8092
8092
8092
8092
8091
8091
8090
8091
8091
8091
8092
8092
8092
8092
8092
8092
8092
8091
8091
8091
8092
8092
8092
8093
8093
8093
8093
8093
8093
8093
8093
8093
8092
8092
8092
8092
8093
8093
8093
8093
8093
8092
8093
8093
8093
8093
8093
8093
8092
8092
8091
8091
8090
8090
8090
8090
8090
8092
8092
8092
8092
8092
8092
8092
8092
8092
8092
8092
8093
8092
8092
8092
8092
8092
8092
8091
8091
8090
8090
8090
8090
8091
8091
8091
8091
8092
8091
8092
8091
8091
8092
8091
8091
8092
8
8092
8091
8092
8092
8091
8091
8091
8090
8089
8089
8090
8090
8089
8089
8090
8090
8090
8090
8090
8090
8091
8091
8092
8092
8092
8092
8092
8092
8093
8093
8092
8092
8091
8091
8091
8092
8091
8092
8091
8092
8092
8092
8092
8093
8093
8093
8093
8093
8094
8093
8093
8093
8093
8093
8093
8093
8093
8093
8093
8094
8096
8096
8095
8095
8096
8096
8096
8096
8096
8096
8096
8096
8096
8096
8096
8096
8097
8097
8097
8097
8096
8096
8096
8096
8096
8096
8096
8096
8096
8097
8097
8098
8098
8098
8099
8099
8099
8099
8099
8099
8098
8098
8097
8098
8098
8097
8097
8096
8097
8097
8097
8097
8098
8097
8098
8098
8098
8098
8098
8098
8098
8098
8098
8098
8098
8098
8098
8098
8099
8099
8098
8098
8098
8098
8097
8098
8098
8098
8098
8098
8098
8098
8098
8099
8099
8099
8099
8099
8099
8099
8099
8098
8098
8098
8098
8098
8098
8098
8098
8098
8100
8100
8099
8099
8099
8098
8098
8098
8099
8099
8099
8099
8098
8099
8099
8099
8100
8100
8099
8099
8099
8099
8099
8099
8099
8099
8099
8099
8099
8099
8100
8100
8099
8099
8099
8099
8099
8099
8099
8099
8099
8099
8099
8099
8099
8100
8099
8099
8099
8099
8099
8099
8099
8099
8098
8098
8098
8098
