8092
8092
8091
8091
8091
8090
8090
8090
8090
8090
8089
8090
8089
8089
8089
8089
8089
8089
8090
8090
8090
80
8090
8090
8090
8090
8090
8090
8090
8089
8089
8088
8088
8088
8088
8088
8089
8089
8089
8089
8089
8090
8089
8090
8090
8090
8090
8088
8088
8088
8088
8088
8088
8088
8089
8089
8089
8089
8089
8089
8088
8088
8088
8088
8088
8089
8089
8089
8089
8089
8089
8088
8088
8088
8088
8088
8088
8089
8089
8089
8089
8088
8088
8088
8088
8087
8087
8087
8088
8088
8088
8089
8089
8088
8089
8088
8088
8089
8089
8089
8089
8089
8088
8088
8087
8087
8087
8087
8087
8089
8088
8088
8088
8089
8089
8090
8090
8090
8090
8090
8090
8090
8090
8090
8090
8091
8091
8092
8092
8091
8092
8091
8091
8091
8091
8091
8091
8092
8092
8092
8092
8092
8092
8092
8092
8091
8091
8091
8091
8091
8091
8092
8092
8092
8092
8092
8092
8092
8092
8091
8092
8092
8092
8092
8091
8091
8091
8091
8090
8090
8090
8090
8090
8091
8091
8091
8092
8091
8091
8091
8091
8090
8090
8090
8090
8090
8
8090
8090
8090
8090
8090
8090
8090
8090
8091
8090
8091
8091
8091
8091
8091
8091
8091
8090
8090
8090
8090
8090
8090
8090
8090
8089
8089
8089
8089
8089
8089
8089
8089
8089
8089
8089
8089
8089
8089
8090
8089
8090
8089
8089
8089
8089
8089
8090
8090
8090
8090
8090
8090
8090
8090
8090
8086
8086
8086
8086
8086
8086
8086
8086
8086
8086
8086
8086
8086
8086
8086
8086
8086
8085
8085
8085
8085
8085
8085
8085
8085
8085
8085
8085
8085
8085
8085
8085
8087
8087
8087
8087
8088
8087
8087
8087
8086
8086
8086
8086
8086
8086
8086
8086
8085
8085
8086
8086
8086
8086
8086
8087
8087
8087
8087
8086
8086
8085
8085
8085
8087
8086
8086
8086
8086
8086
8086
8086
8086
8086
8086
8086
8086
8086
8086
8086
8086
8086
8087
8087
8086
8086
8087
8086
8086
8086
8086
8086
8086
8086
8086
8086
8086
8086
8085
8085
8085
8086
8086
8086
8086
8086
8086
8086
8086
8086
8086
8086
8085
8085
8085
8085
8084
8084
8084
8084
8084
8084
8084
8085
8085
8086
8086
8086
8086
8086
8086
8086
8086
8087
8087
8087
8087
8087
8086
8086
8085
8085
8086
8086
8086
8086
8086
8087
8087
8087
8087
8086
8086
8087
8087
8087
8088
8088
8088
8089
8090
8089
8088
8088
8088
8088
8088
8088
8088
8088
8087
8087
8087
8087
8087
8087
8088
8088
8087
8088
8087
8087
8087
8087
8087
8087
8087
8088
8088
8088
8089
8089
8089
8088
8088
8087
8087
8086
8086
8086
8087
8087
8087
8086
8087

8087
8087
8087
8087
8087
8087
8086
8086
8086
8086
8086
8086
8086
8086
8086
8087
8087
8087
8087
8087
8086
8089
8089
8089
8089
8089
8089
8089
8089
8088
8088
8088
8088
8088
8088
8089
8089
8089
8089
8089
8089
8089
8089
8089
8089
8089
8089
8089
8089
8088
8088
8088
8088
8089
8090
8089
8089
8089
8090
8090
8090
8090
8090
8090
8090
8090
8090
8091
8091
8091
8091
8090
8090
8090
8089
8089
8089
8089
8089
8089
8090
8090
8090
8091
8091
8091
8091
8091
8091
8091
8091
8091
8091
8091
8091
8091
8091
8092
8092
8092
8092
8092
8092
8092
8092
8092
8092
8092
8091
8091
8092
8092
8092
8091
8092
8092
8092
8092
8092
8091
8091
8091
8092
8092
8091
8092
8092
8092
8091
8091
8091
8091
8091
8091
8091
8091
8090
8090
8090
8090
8090
8090
8090
8090
8090
8090
8091
8090
8090
8089
8090
