8081
8081
8081
8081
8081
8082
8081
8082
8082
8083
8083
8083
8083
8083
8083
8083
8083
8083
8083
8083
8083
8083
8082
8081
8081
8082
8082
8082
8082
8081
8081
8081
8081
8081
8081
8081
8081
8081
8082
8082
8082
8082
8081
8081
8081
8081
8081
8081
8081
8081
8081
8081
8081
8081
8081
8081
8081
8081
8082
8082
8082
8082
8083
8083
8083
8083
8083
8083
8083
8083
8083
8084
8083
8084
8084
8084
8083
8083
8082
8081
8081
8082
8082
8082
8083
8083
8083
8083
8083
8083
8084
8084
8084
8084
8082
8083
8083
8083
8083
8083
8083
8083
8083
8082
8082
8082
8083
8083
8083
8082
8083
8083
8083
8083
8083
8083
8082
8082
8082
8082
8082
8082
8081
8081
8081
8080
8080
8080
8080
8081
8079
8079
8078
8078
8078
8078
8078
8078
8078
8078
8078
8078
8078
8078
8078
8078
8078
8078
8078
8077
8077
8077
8077
8076
8076
8075
8076
8076
8076
8076
8077
8077
8078
8078
8079
8078
8079
8079
8079
8079
8079
8079
8079
8079
8079
8079
8079
8079
8079
8079
8079
8080
8080
8080
8079
8079
8079
8079
8079
8079
8079
8079
8079
8080
8079
8079
8080
8080
8079
8080
8080
8080
8080
8080
8080
8080
8080
8080
8080
8080
8080
8081
8081
8081
8081
8081
8081
8081
8082
8082
8082
8082
8082
8081
8082
8082
8082
8081
8081
8081
8080
8080
8080
8080
8079
8079
8078
8078
8079
8079
8079
8080
8079
8079
8079
8079
8079
8079
8080
8080
8080
8080
8079
8079
8079
8078
8078
8078
8080
8080
8081
8082
8082
8082
8082
8081
8081
8082
8082
8082
8082
8082
8082
8082
8082
8081
8081
8082
8082
8081
8082
8082
8082
8082
8082
8082
8082
8083
8083
8083
8082
8082
8082
8082
8082
8083
8083
8083
8083
8083
8083
8082
8082
8082
8082
8082
8082
8082
8083
8083
8083
8084
8083
8083
8083
8084
8083
8083
8083
8083
8083
8083
8083
8083
8082
8083
8085
8085
8084
8084
8084
8083
8083
8083
8082
8082
8083
8083
8083
8083
8083
8083
8084
8084
8084
8083
8083
8083
8083
8083
8083
8083
8083
8083
8083
8082
8082
8082
8082
8082
8082
8082
8082
8082
8081
8081
8081
8081
8081
8081
8081
8081
8081
8081
8081
8081
8081
8080
8080
8080
8080
8081
8081
8081
8081
8081
8081
8080
8081
8080
8080
8080
8080
8080
8080
8080
8081
8080
8081
8080
8080
8080
8080
8079
8080
8080
8080
8081
8081
8081
8081
8081
8082
8082
8082
8083
8083
8082
8083
8083
8082
8082
8082
8082
8082
8082
8082
8081
8081
8081
8080
8080
8080
8080
8080
8080
8081
8081
8081
8081
8081
8081
8080
8080
8080
8080
8079
8079
8079
8079
8079
8080
8081
8080
8080
8081
8081
8081
8081
8081
8081
8081
8081
8082
8082
8083
8083
8083
8083
8083
8083
8082
8082
8082
8082
8082
8082
8082
8082
8082
8082
8082
8082
8082
8081
8082
8081
8081
8081
8081
8081
8080
8080
8080
8081
8080
8080
8081
8080
8081
8081
8081
8081
8081
8081
8081
8081
8081
8081
8082
8082
8082
8082
8082
8082
8081
8081
8081
8081
8081
8084
8084
8084
8084
8084
8084
8084
8084
8084
8084
8084
8084
8084
8084
8084
8084
8084
8084
8084
8084
8083
8083
8083
8083
8083
8083
8082
8083
8083
8083
8083
8084
8084
8084
8084
8084
8084
8084
8085
8085
8085
8084
8084
8084
8084
8084
8084
8085
8085
8085
8085
8085
8085
8085
8085
8085
8084
8084
8084
8085
8085
8085
8084
8085
8084
808
8084
8085
8085
8085
8086
8085
8085
8085
8085
8085
8085
8085
8086
8086
