8101
8098
8099
8098
8099
8099
8098
8098
8098
8098
8098
8098
8098
8097
8097
8097
8097
8097
8097
8097
8098
8098
8098
8098
8098
8098
8099
8098
8099
8099
8099
8098
8098
8099
8100
8100
8099
8099
8099
8099
8099
8099
8099
8099
8099
8099
8099
8099
8099
8099
8099
8099
8099
8099
8099
8099
8099
8099
8099
8099
8099
8099
8099
8099
8099
8099
8099
8099
8099
8098
8098
8098
8099
8099
8098
8099
8099
8099
8099
8099
8098
8098
8099
8099
8099
8100
8099
8099
8099
8099
8099
8099
8099
8099
8099
8099
8099
8098
8098
8098
8098
8099
8099
8099
8099
8098
8097
8097
8097
8097
8098
8098
8099
8099
8099
8099
8099
8099
8099
8099
8100
8100
8100
8100
8100
8100
8100
8099
8099
8099
8100
8100
8100
8100
8100
8100
8100
8101
8101
8101
8101
8100
8100
8101
8101
8101
8101
8100
8100
8100
8101
8100
8101
8101
8101
8101
8101
8101
8101
8101
8101
8100
8100
8100
8100
8100
8101
8101
8101
8100
8101
8101
8101
8101
8101
8101
8101
8101
8100
8100
8100
8099
8099
8099
8099
8099
8099
8100
8100
8100
8100
8099
8099
8099
8099
8100
8100
8100
8100
8099
8099
8097
8097
8097
8097
8096
8096
8096
8096
8097
8097
8097
8097
8097
8097
8097
8097
8097
8097
8097
8098
8098
8098
8098
8097
8096
8097
8097
8097
8098
8098
8098
8098
8098
8098
8098
8098
8095
8095
8095
8095
8095
8095
8095
8095
8094
8094
8094
8094
8094
8094
8094
8094
8094
8093
8093
8093
8093
8093
8093
8093
8093
8093
8093
8093
8093
8093
8093
8093
8090
8090
8090
8090
8090
8090
8090
8091
8091
8091
8090
8090
8089
8089
8089
8089
8089
8089
8090
8090
8090
8090
8090
8090
8089
8089
8089
8088
8089
8088
8088
8088
8088
8088
8088
8088
8087
8087
8088
8088
8088
8088
8087
8087
8088
8088
8088
8089
8088
8088
8088
8087
8087
8088
8087
8088
8088
8088
8088
8088
8088
8088
8088
8088
8088
8088
8088
8088
8087
8087
8087
8087
8087
8087
8088
8088
8088
8088
8088
8088
8088
8088
8088
8088
8088
8088
8088
8088
8088
8088
8088
8088
8088
8089
8089
8089
8090
8090
8089
8089
8087
8087
8087
8086
8087
8087
8087
8087
8087
8087
8087
8086
8086
8086
8086
8086
8086
8086
8087
8087
8087
8087
8087
8088
8088
8087
8087
8087
8087
8087
8086
8086
8085
8085
8087
8087
8087
8087
8087
8086
8086
8086
8086
8086
8086
8087
8087
8087
8088
8088
8088
8088
8088
8087
8087
8087
8087
8087
8088
8088
8088
8088
8088
8088
8088
8089
8087
8086
8086
8086
8086
8086
8086
8087
8087
8087
8087
8087
8088
8088
8088
8088
8088
8088
8087
8087
8087
8087
8088
8087
8087
8088
8088
8087
8087
8087
8087
8087
8087
8087
8087
8087
8085
8085
8085
8086
8086
8086
8085
8086
8086
8086
8086
8085
8085
8085
8084
8084
8084
8084
8084
8084
8085
8085
8085
8085
8085
8085
8085
8085
8085
8085
8084
8084
8084
8084
8084
8085
8084
8084
8084
8083
8083
8082
8082
8082
8083
8083
8084
8084
8084
8084
8085
8084
8084
8084
8084
8083
8083
8082
8082
8082
8082
8082
8083
8083
8083
8083
8083
8083
8084
8084
8084
8084
8084
8084
8084
8084
8084
8085
8084
8085
8085
8085
8084
8084
8084
8084
8084
8084
8085
8085
8085
8085
8085
8085
8085
8085
8084
8084
8084
8085
8085
8085
8085
8086
8086
8086
8086
8085
8085
8085
8084
8085
8085
8085
8086
8086
8086
8086
8086
8086
8086
8086
8086
8086
8086
8086
8086
8085
8088
