8053
8053
8054
8054
8054
8054
8054
8054
8054
8054
8054
8054
8054
8054
8053
8053
8053
8053
8052
8052
8051
8051
8052
8052
8052
8052
8052
8051
8051
8051
8052
8052
8052
8052
8052
8052
8052
8052
8052
8052
8052
8052
8051
8051
8051
8051
8050
8050
8049
8049
8049
8049
8049
8050
8050
8050
8050
8050
8050
8050
8050
8047
8048
8048
8048
8048
8049
8049
8049
8049
8050
8051
8051
8051
8050
8050
8050
8050
8050
8049
8049
8049
8049
8049
8050
8049
8050
8049
8049
8050
8050
8050
8050
8047
8047
8047
8046
8046
8046
8046
8046
8046
8046
8047
8047
8047
8047
8047
8047
8047
8047
8047
8046
8046
8046
8046
8046
8046
8046
8046
8046
8046
8046
8046
8047
8046
8045
8044
8044
8044
8044
8044
8044
8044
8044
8044
8044
8044
8044
8044
8045
8045
8045
8045
8044
8044
8044
8044
8044
8044
8044
8044
8044
8044
8045
8044
8044
8044
8045
8044
8044
8043
8044
8044
8044
8044
8044
8044
8044
8043
8043
8043
8043
8043
8043
8043
8043
8043
8043
8042
8042
8042
8042
8042
8042
8042
8042
8042
8042
8042
8042
8042
8042
8043
8044
8044
8044
8044
8044
8043
8042
8042
8042
8042
8042
8042
8042
8042
8042
8042
8043
8043
8043
8043
8043
8044
8044
8043
8043
8043
8043
8043
8043
8043
8043
8044
8044
8047
8046
8046
8046
8046
8046
8046
8046
8046
8046
8046
8046
8047
8046
8046
8046
8046
8046
8046
8046
8046
8046
8046
8046
8046
8046
8046
8046
8046
8046
8047
8047
8048
8048
8049
8049
8049
8049
8049
8049
8049
8050
8050
8049
8049
8049
8049
8049
8049
8049
8049
8049
8049
8049
8050
8050
8050
8050
8050
8050
8050
8049
8049
8049
8048
8048
8048
8047
8047
8047
8047
8047
8047
8047
8047
8047
8047
8047
8047
8048
8048
8049
8049
8049
8049
8049
8049
8050
8050
8050
8049
8049
8048
8048
8048
8048
8048
8048
8049
8049
8054
8053
8053
8053
8053
8053
8053
8053
8053
8054
8054
8054
8054
8054
8053
8053
8053
8053
8053
8054
8053
8053
8053
8053
8054
8054
8054
8054
8055
8055
8055
8055
8054
8054
8054
8054
8054
8053
8053
8052
8052
8052
8052
8052
8052
8052
8051
8051
8052
8052
8052
8052
8052
8052
8052
8052
8053
8052
8053
8053
8053
8054
8054
8054
8054
8054
8054
8054
8055
8055
8055
8055
8054
8054
8054
8054
8054
8054
8054
8053
8053
8053
8053
8053
8053
8053
8053
8053
8053
8053
8054
8053
8053
8053
8053
8053
8053
8053
8052
8051
8051
8051
8052
8052
8052
8053
8053
8053
8053
8053
8053
8053
8052
8053
8053
8053
8053
8053
8053
8053
8054
8054
8054
8054
8054
8054
8054
8055
8055
8055
8055
8056
8055
8055
8055
8055
8055
8055
8055
8055
8055
8054
8054
8054
8055
8055
8054
8054
8054
8054
8054
8054
8054
8054
8054
8055
8055
8054
8054
8054
8053
8053
8052
8054
8054
8055
8055
8055
8055
8055
8054
8054
8054
8054
8053
8053
8053
8053
8053
8052
8053
8052
8053
8053
8053
8053
8053
8053
8053
8053
8052
8052
8052
8051
8051
8051
8051
8051
8051
8051
8051
8052
8052
8052
8053
8053
8054
8054
8054
8053
8053
8053
8053
8053
8052
8052
8052
8052
8052
8053
8053
8053
8053
8053
8053
8052
8051
8051
8051
8052
8052
8052
8052
8053
8053
8053
8053
8053
8054
8053
8053
8053
8053
8053
8052
8052
8053
8053
8053
8054
8054
8054
8055
8055
8055
8055
8055
8055
8055
8053
8053
8053
8053
8054
8054
8054
8054
8054
8053
8053
8054
8054
8054
