8078
8078
8077
8077
8077
8077
8077
8077
8077
8077
8077
8077
8077
8077
8077
8076
8077
8077
8077
8077
8077
8077
8078
8077
8077
8077
8077
8077
8078
8078
8077
8078
8078
8078
8078
8078
8078
8078
8078
8078
8078
8078
8077
8077
8077
8077
8077
8077
8076
8076
8076
8076
8078
8078
8077
8076
8076
8076
8076
8076
8076
8077
8077
8077
8077
8077
8077
8077
8077
8077
8077
8077
8077
8077
8077
8076
8076
8077
8076
8077
8077
8075
8075
8075
8075
8075
8075
8075
8075
8076
8076
8077
8077
8076
8076
8076
8076
8076
8076
8076
8076
8076
8076
8076
8076
8076
8076
8076
8076
8076
8076
8075
8076
8076
8076
8076
8076
8076
8076
8075
8076
8076
8076
8076
8076
8076
8077
8076
8076
8076
8077
8077
8076
8076
8076
8076
8076
8075
8075
8075
8075
8075
8076
8076
8076
8076
8079
8079
8078
8078
8078
8078
8078
8078
8078
8078
8078
8079
8079
8080
8080
8080
8080
8080
8080
8080
8079
8079
8078
8078
8078
8079
8079
8079
8080
8080
8081
8081
8079
8079
8078
8078
8078
8078
8078
8078
8079
8078
8079
8079
8079
8079
8078
8078
8078
8078
8078
8078
8079
8079
8079
8079
8079
8079
8079
8079
8080
8079
8079
8079
8079
8079
8078
8078
8079
8078
8078
8078
8078
8078
8078
8079
8079
8079
8079
8079
8079
8079
8079
8078
8078
8078
8078
8079
8078
8078
8078
8078
8077
8076
8076
8075
8075
8075
8075
8075
8076
8076
8077
8077
8077
8076
8076
8076
8076
8076
8076
8076
8075
8076
8075
8075
8075
8076
8076
8076
8076
8076
8076
8077
8077
8077
8077
8077
8075
8075
8075
8075
8075
8075
8074
8074
8074
8073
8073
8073
8073
8074
8074
8074
8073
8073
8073
8073
8072
8073
8073
8073
8073
8073
8073
8073
8073
8073
8074
8074
8075
8075
8075
8075
8075
8075
8075
8074
8074
8073
8073
8073
8073
8073
8073
8073
8073
8074
8073
8073
8073
8073
8074
8073
8073
8074
8074
8073
8073
8072
8073
8076
8077
8076
8076
8076
8076
8076
8075
8075
8076
8076
8076
8077
8078
8078
8079
8079
8078
8078
8078
8078
8078
8077
8077
8077
8077
8077
8077
8077
8077
8077
8078
8078
8077
8077
8077
8076
8076
8076
8076
8077
8077
8077
8078
8077
8077
8077
8077
8077
8078
8078
8078
8078
8078
8078
8079
8079
8079
8079
8079
8079
8079
8079
8079
8079
8078
8078
8079
8078
8078
8078
8078
8078
8079
8079
8080
8080
8079
8079
8079
8079
8079
8080
8079
8079
8079
8079
8080
8080
8080
8080
8080
8080
8080
8080
8080
8079
8079
8078
8079
8080
8080
8080
8079
8079
8079
8078
8078
8078
8078
8078
8078
8079
8079
8079
8080
8080
8079
8080
8079
8080
8080
8079
8079
8079
8079
8079
8079
8079
8079
8079
8079
8079
8079
8079
8079
8079
8079
8079
8079
8080
8080
8080
8080
8080
8080
8081
8080
8080
8079
8079
8080
8080
8079
8079
8080
8079
8079
8079
8079
8080
8080
8080
8080
8081
8081
8081
8081
8082
8082
8082
8081

8081
8081
8081
8081
8081
8081
8080
8080
8080
8079
8080
8080
8079
8080
8079
8079
8079
8079
8079
8079
8078
8078
8078
8078
8078
8078
8078
8078
8077
8077
8077
8076
8076
8077
8077
8078
8078
8078
8078
8078
8078
8078
8079
8079
8079
8079
8080
8080
8079
8079
8079
8078
8079
8079
8079
8079
8079
8079
8079
8080
8081
8081
8081
8081
8081
8080
8080
8081
8081
8081
8081
8081
8082
8082
8082
8082
8081
8081
8081
8081
8081
8081
8081
8081
8081
8081
8081
8081
8081
8082
