8076
8076
8076
8075
8075
8075
8074
8074
8075
8075
8075
8076
8076
8076
8
8076
8076
8076
8077
8077
8076
8076
8076
8076
8076
8076
8076
8077
8076
8076
8077
8077
8077
8077
8077
8077
8077
8077
8077
8077
8076
8076
8076
8076
8076
8076
8076
8076
8076
8076
8076
8076
8075
8075
8075
8075
8075
8075
8075
8075
8075
8076
8076
8076
8076
8076
8076
8076
8076
8076
8076
8076
8075
8075
8075
8075
8074
8074
8074
8073
8073
8072
8073
8073
8073
8073
8074
8074
8074
8074
8074
8073
8074
8073
8073
8074
8073
8073
8073
8072
8072
8072
8072
8072
8071
8071
8071
8072
8074
8074
8074
8074
8075
8075
8075
8075
8075
8075
8075
8075
8075
8075
8075
8075
8075
8075
8075
8075
8074
8074
8074
8075
8074
8074
8074
8075
8075
8075
8075
8075
8074
8074
8074
8074
8074
8074
8074
8074
8075
8074
8074
8074
8074
8074
8074
8073
8073
8073
8072
8073
8073
8073
8073
8073
8073
8073
8073
8073
8072
8072
8072
8071
8070
8070
8070
8070
8070
8069
8068
8068
8068
8068
8068
8068
8068
8068
8068
8069
8069
8069
8069
8069
8070
8070
8070
8070
8070
8069
8069
8069
8069
8069
8069
8069
8068
8068
8068
8068
8068
8069
8069
8068
8068
8068
8067
8067
8067
8066
8067
8067
8067
8067
8067
8066
8066
8065
8065
8065
8065
8065
8065
8065
8065
8065
8066
8066
8066
8066
8065
8066
8066
8066
8066
8066
8066
8066
8066
8067
8066
8066
8066
8066
8066
8066
8066
8066
8066
8066
8066
8066
8067
8067
8066
8066
8066
8067
8067
8067
8067
8067
8067
8067
8067
8067
8066
8066
8065
8065
8064
8064
8064
8064
8064
8064
8064
8064
8064
8064
8064
8064
8064
8064
8064
8064
8063
8063
8064
8063
8063
8063
8063
8063
8064
8065
8065
8064
8064
8064
8064
8064
8064
8064
8064
8064
8065
8065
8065
8065
8065
8066
8066
8066
8067
8066
8066
8066
8066
8066
8066
8065
8065
8065
8065
8065
8065
8065
8065
8065
8065
8065
8065
8066
8065
8065
8065
8065
8065
8065
8065
8065
8065
8066
8065
8065
8065
8065
8065
8065
8065
8065
8065
8067
8067
8067
8067
8067
8066
8066
8066
8065
8066
8066
8066
8066
8066
8066
8066
8066
8066
8066
8065
8066
8065
8065
8065
8066
8065
8065
8065
8065
8065
8065
8064
8064
8065
8065
8066
8069
8069
8068
8068
8067
8067
8068
8067
8067
8067
8068
8068
8068
8068
8069
8069
8069
8069
8068
8069
8068
8068
8068
8068
8068
8068
8068
8068
8068
8070
8070
8071
8071
8072
8071
8071
8071
8071
8071
8071
8071
8071
8071
8071
8070
8070
8069
8069
8069
8070
8070
8071
8071
8071
8071
8070
8071
8071
8071
8071
8070
8071
8070
8071
8071
8071
8071
8071
8070
8069
8068
8068
8068
8069
8069
8069
8069
8069
8069
8070
8069
8070
8070
8070
8070
8070
8070
8070
8070
8070
8069
8069
8069
8069
8073
8073
8073
8073
8073
8073
8073
8073
8072
8072

8073
8073
8073
8073
8074
8074
8074
8074
8074
8075
8074
8074
8074
8074
8074
8074
8075
8075
8075
8075
8073
8073
8074
8073
8073
8073
8073
8074
8073
8073
8073
8074
8074
8073
8074
8073
8073
8072
8072
8072
8073
8073
8074
8074
8074
8073
8074
8074
8074
8074
8075
8075
8073
8073
8073
8074
8073
8073
8074
8074
8074
8074
8073
8073
8073
8073
8073
8073
8074
8074
8074
8074
8074
8074
8075
8075
8075
8075
8075
8075
8075
8075
8075
8075
8075
8075
8075
8076
8078
8078
8078
8078
8077
8077
8077
8077
8077
8077
