8087
8088
8088
8088
8088
8087
8087
8087
8088
8088
8088
8088
8088
8088
8088
8088
8088
8088
8088
8089
8089
8089
8089
8089
8089
8089
8088
8089
8089
8089
8089
8090
8090
8090
8090
8090
8090
8090
8090
8090
8089
8089
8089
8089
8089
8090
8090
8090
8089
8089
8089
8089
8090
8090
8090
8090
8090
8090
8090
8090
8090
8089
8089
8089
8089
8089
8089
8090
8090
8090
8089
8089
8090
8090
8089
8090
8090
8090
8090
8090
8090
8090
8090
8090
8089
8089
8090
8089
8089
8089
8089
8088
8088
8088
8088
8088
8088
8088
8084
8084
8084
8084
8084
8084
8084
8083
8083
8083
8083
8083
8083
8084
8084
8083
8083
8083
8083
8083
8083
8084
8084
8084
8084
8084
8083
8083
8083
8083
8083
8083
8087
8087
8087
8087
8087
8087
8087
8087
8087
8087
8087
8087
8087
8088
8088
8088
8088
8088
8088
8088
8088
8088
8088
8089
8089
8089
8089
8089
8089
8088
8088
8088
8088
8088
8089
8089
8089
8089
8089
8088
8088
8088
8089
8089
8089
8089
8090
8090
8090
8090
8090
8091
8090
8091
8091
8091
8092
8092
8092
8092
8092
8091
8091
8091
8091
8091
8092
8092
8090
8089
8090
8090
8090
8090
8090
8090
8090
8089
8089
8089
8090
8090
8091
8090
8090
8089
8089
8089
8089
8088
8088
8088
8089
8089
8090
8090
8090
8090
8090
8090
8090
8090
8090
8090
8089
8089
8089
8090
8090
8090
8090
8090
8090
8090
8089
8089
8089
8088
8088
8088
8089
8089
8089
8089
8089
8089
8090
8090
8090
8091
8091
8090
8090
8090
8090
8090
8092
8092
8092
8092
8092
8091
8092
8092
8092
8092
8093
8092
8092
8092
8092
8092
8092
8092
8092
8092
8092
8092
8092
8092
8091
8092
8092
8092
8092
8092
8092
8092
8093
8093
8093
8093
8093
8093
8093
8094
8094
8094
8094
8094
8094
8094
8094
8094
8094
8093
8092
8092
8092
8092
8093
8093
8093
8093
8093
8093
8093
8093
8093
8093
8093
8093
8093
8093
8092
8091
8091
8092
8091
8092
8092
8092
8092
8091
8091
8091
8091
8091
8092
8092
8092
8092
8093
8093
8093
8094
8094
8095
8095
8095
8096
8096
8095
8095
8095
8095
8094
8094
8094
8094
8094
8094
8093
8093
8093
8093
8093
8093
8093
8093
8093
8093
8093
8093
8093
8093
8093
8093
8092
8092
8091
8091
8091
8091
8091
8092
8092
8092
8092
8091
8091
8092
8092
8092
8092
8092
8093
8093
8093
8093
8093
8093
8092
8092
8092
8092
8092
8092
8091
8092
8092
8092
8092
8093
8092
8092
8092
8092
8092
8092
8092
8091
8091
8091
8091
8090
8090
8090
8091
8091
8091
8091
8090
8090
8089
8090
8090
8090
8090
8090
8090
8090
8090
8090
8091
8091
8091
8091
8091
8091
8091
8090
8090
8089
8089
8089
8089
8088
8087
8087
8087
8088
8088
8088
8088
8088
8088
8088
8088
8088
8088
8088
8089
8088
8088
8088
8088
8088
8088
8087
8087
8087
8087
8088
8087
8087
8087
8087
8088
8087
8087
8087
8087
8088
8088
8088
8088
8088
8088
8089
8089
8089
8089
8089
8089
8089
8089
8088
8088
8088
8087
8088
8088
8088
8088
8089
8089
8089
8089
8089
8089
8091
8091
8090
8090
8090
8090
8090
8090
8090
8090
8090
8089
8089
8089
8090
8090
8090
8090
8090
8090
8090
8090
8090
8090
8090
8090
8090
8094
8094
8095
8095
8095
8094
8094
8094
8094
8093
8093
8093
8093
8093
8093
8093
8094
8094
8094
8093
8093
8094
8093
8094
8093
8093
8093
8093
8093
8093
8093
8093
8093
8093
8093
8093
8093
8093
8094
8093
8094
8094
