8092
8093
8091
8091
8092
8092
8092
8092
8092
8091
8091
8091
8091
8090
8090
8091
8091
8090
8090
8091
8091
8091
8092
8092
8092
8092
8092
8092
8092
8092
8091
8091
8090
8090
8090
8090
8090
8090
8090
8091
8091
8091
8091
8090
8090
8090
8091
8091
8091
8091
8091
8091
8091
8091
8091
8090
8090
8090
8090
8090
8089
8089
8089
8089
8089
8089
8089
8090
8090
8090
8090
8090
8090
8090
8090
8090
8090
8090
8090
8090
8089
8089
8089
8089
8089
8089
8089
8088
8088
8089
8088
8089
8089
8089
8089
8089
8089
8089
8088
8088
8088
8088
8091
8090
8090
8090
8090
8090
8090
8090
8090
8090
8090
8089
8089
8089
8089
8089
8089
8089
8089
8089
8088
8088
8088
8089
8089
8089
8089
8089
8089
8089
8089
8088
8088
8088
8088
8088
8089
8090
8090
8090
8090
8089
8089
8090
8090
8090
8089
8090
8090
8090
8091
8091
8091
8091
8092
8092
8092
8092
8092
8091
8091
8091
8091
8091
8091
8091
8092
8092
8089
8089
8088
8088
8088
8088
8088
8087
8087
8088
8087
8088
8088
8088
8088
8088
8088
8088
8088
8088
8088
8088
8087
8088
8088
8088
8088
8087
8087
8087
8087
8088
8088
8088
8089
8089
8089
8089
8089
8089
8089
8089
8089
8088
8088
8088
8088
8088
8088
8088
8088
8088
8089
8089
8089
8089
8090
8090
8090
8090
8090
8089
8089
8089
8088
8088
8088
8088
8088
8088
8088
8089
8089
8089
8089
8089
8089
8089
8088
8089
8089
8089
8089
8089
8089
8089
8090
8090
8089
8089
8089
8089
8089
8088
8088
8088
8088
8088
8088
8088
8087
8087
8087
8087
8088
8088
8088
8088
8088
8088
8088
8089
8089
8090
8090
8091
8090
8090
8090
8090
8090
8090
8090
8090
8090
8090
8090
8090
8090
8090
8088
8088
8089
8089
8089
8089
8088
8088
8088
8089
8088
8088
8088
8088
8088
8088
8088
8088
8088
8089
8089
8089
8089
8089
8089
8089
8089
8089
8089
8089
8089
8089
8089
8089
8089
8089
8091
8091
8091
8091
8091
8091
8091
8091
8091
8091
8091
8091
8091
8091
8091
8091
8091
8091
8091
8091
8092
8092
8092
8092
8092
8092
8092
8092
8092
8092
8092
8092
8088
8088
8089
8089
8089
8089
8089
8089
8089
8089
8089
8089
8089
8090
8090
8090
8090
8089
8089
8089
8089
8089
8090
8090
8091
8091
8091
8090
8090
8091
8091
8091
8091
8091
8091
8090
8091
8092
8092
8091
8092
8091
8092
8091
8092
8091
8091
8091
8090
8090
8090
8090
8090
8090
8089
8089
8090
8090
8091
8090
8090
8091
8091
8091
8090
8090
8090
8089
8091
8090

8090
8090
8090
8089
8089
8089
8089
8089
8089
8089
8089
8089
8089
8089
8089
8089
8089
8089
8090
8089
8089
8088
8088
8088
8088
8088
8088
8085
8085
8085
8085
8085
8086
8086
8086
8086
8086
8085
8086
8085
8085
8085
8085
8085
8085
8085
8085
8084
8085
8085
8085
8085
8085
8085
8085
8085
8085
8085
8086
8086
8087
8087
8087
8084
8084
8085
8085
8085
8085
8085
8086
8086
8085
8085
8084
8083
8083
8083
8083
8083
8084
8084
8085
8085
8084
8084
8084
8084
8084
8084
8084
8084
8085
8085
8085
8085
8086
8086
8086
8086
8085
8085
8085
8085
8085
8085
8085
8085
8084
8084
8084
8084
8084
8085
8085
8085
8085
8085
8085
8085
8085
8084
8084
8084
8084
8083
8084
8084
8083
8083
8084
8082
8082
8082
8082
8083
8083
8083
8083
8084
8083
8083
8083
8084
8083
8083
8083
8084
8084
8084
8083
8083
8083
8083
8083
8083
8084
8084
8084
8084
8084
