8063
8063
8063
8062
8062
8062
8062
8062
8062
8062
8062
8062
8062
8062
8062
8063
8063
8063
8063
8064
8063
8063
8062
8062
8062
8062
8062
8062
8062
8062
8062
8063
8063
8064
8064
8064
8064
8065
8065
8065
8065
8065
8065
8065
8065
8065
8065
8065
8065
8065
8066
8065
8065
8064
8064
8064
8064
8064
8064
8064
8064
8065
8065
8065
8065
8067
8066
8067
8067
8067
8067
8066
8066
8066
8066
8066
8066
8065
8065
8065
8065
8065
8065
8065
8065
8065
8065
8065
8065
8066
8066
8066
8065
8065
8065
8065
8064
8064
8064
8064
8064
8065
8064
8064
8064
8064
8065
8064
8064
8065
8065
8065
8065
8065
8065
8065
8065
8065
8065
8065
8065
8065
8065
8065
8066
8066
8066
8066
8066
8066
8066
8066
8066
8066
8066
8066
8066
8066
8066
8066
8066
8067
8067
8067
8067
8067
8067
8067
8067
8068
8068
8068
8067
8067
8068
8068
8068
8067
8068
8068
8068
8068
8068
8068
8068
8067
8067
8067
8068
8067
8067
8068
8068
8068
8068
8068
8068
8067
8067
8066
8066
8065
8065
8066
8066
8066
8066
8066
8066
8066
8067
8067
8067
8067
8067
8067
8067
8067
8066
8067
8067
8067
8068
8068
8068
8068
8067
8067
8067
8067
8067
8067
8068
8068
8068
8068
8068
8068
8067
8068
8067
8067
8067
8067
8067
8067
8067
8067
8067
8067
8067
8067
8068
8068
8067
8067
8066
8066
8066
8067
8066
8066
8066
8066
8066
8066
8066
8066
8066
8066
8066
8066
8065
8065
8066
8065
8065
8066
8065
8066
8066
8066
8066
8066
8066
8066
8066
8067
8067
8067
8067
8067
8067
8067
8068
8068
8068
8068
8067
8067
8067
8067
8067
8067
8067
8066
8066
8066
8067
8067
8067
8067
8068
8067
8068
8068
8069
8069
8068
8068
8068
8067
8067
8066
8066
8067
8067
8067
8067
8067
8066
8066
8066
8066
8065
8065
8066
8066
8066
8066
8066
8066
8066
8065
8065
8065
8066
8066
8066
8066
8066
8066
8068
8068
8068
8068
8067
8068
8068
8068
8068
8068
8068
8068
8068
8068
8068
8068
8068
8069
8069
8068
8068
8068
8068
8068
8068
8069
8069
8069
8069
8069
8069
8070
8069
8069
8069
8069
8069
8069
8069
8069
8069
8069
8069
8069
8069
8068
8068
8068
8068
8068
8068
8069
8069
8069
8069
8069
8069
8069
8069
8069
8069
8069
8069
8069
8068
8069
8069
8069
8070
8070
8070
8069
8069
8069
8069
8069
8068
8068
8068
8069
8068
8068
8068
8068
8069
8069
8069
8068
8068
8068
8067
8066
8066
8066
8066
8066
8066
8066
8066
8066
8066
8066
8066
8066
8066
8066
8066
8066
8067
8067
8067
8066
8067
8067
8067
8067
8068
8068
8068
8068
8068
8067
8066
8066
8066
8067
8067
8067
8067
8068
8068
8068
8066
8066
8
8066
8066
8066
8066
8066
8066
8065
8065
8065
8065
8064
8064
8064
8064
8065
8065
8065
8065
8065
8065
8065
8064
8064
8064
8064
8064
8064
8064
8064
8065
8065
8065
8065
8065
8065
8065
8065
8064
8064
8064
8064
8064
8065
8065
8065
8065
8065
8065
8065
8065
8066
8066
8066
8066
8065
8065
8064
8064
8064
8064
8064
8064
8064
8064
8063
8063
8063
8063
8063
8063
8064
8064
8064
8064
8064
8063
8064
8064
8064
8064
8064
8063
8063
8063
8063
8063
8063
8063
8063
8064
8064
8063
8063
8062
8062

8062
8062
8062
8062
8062
8062
8062
8062
8062
8062
8062
8061
8060
8060
8060
8060
8060
8060
8060
8060
8061
8061
8060
8060
8060
8060
8060
8061
8061
8061
8060
8061
8061
8061
8061
8060
8060
