8054
8054
8055
8055
8055
8056
8055
8055
8055
8054
8054
8054
8054
8053
8053
8055
8055
8054
8054
8054
8055
8055
8055
8055
8055
8055
8055
8055
8055
8055
8056
8056
8057
8057
8057
8057
8056
8056
8056
8056
8056
8056
8056
8056
8056
8056
8057
8058
8058
8059
8059
8059
8059
8059
8059
8059
8059
8059
8060
8060
8060
8060
8059
8058
8058
8058
8059
8059
8059
8059
8059
8060
8059
8059
8059
8059
8060
8060
8060
8061
8061
8061
8060
8058
8058
8058
8058
8058
8058
8058
8058
8057
8057
8057
8057
8057
8057
8057
8058
8058
8058
8058
8058
8058
8058
8058
8058
8058
8058
8058
8058
8058
8058
8058
8058
8058
8057
8057
8057
8057
8057
8057
8057
8057
8057
8058
8058
8058
8058
8058
8058
8058
8058
8058
8058
8057
8057
8057
8058
8058
8058
8058
8058
8058
8058
8058
8055
8056
8056
8057
8057
8057
8056
8056
8056
8056
8056
8057
8057
8057
8057
8056
8055
8055
8055
8055
8055
8055
8055
8056
8055
8055
8055
8054
8055
8055
8055
8056
8052
8052
8052
8051
8052
8051
8052
8052
8052
8052
8052
8052
8052
8052
8052
8052
8051
8051
8051
8051
8051
8052
8051
8052
8052
8052
8052
8052
8052
8052
8051
8052
8052
8052
8052
8053
8053
8053
8053
8053
8054
8054
8054
8053
8053
8053
8054
8054
8054
8054
8055
8055
8055
8054
8054
8054
8054
8054
8054
8054
8054
8054
8054
8055
8055
8055
8055
8055
8054
8054
8054
8054
8053
8053
8053
8053
8053
8053
8053
8053
8054
8054
8054
8054
8054
8054
8054
8054
8054
8054
8054
8055
8055
8055
8055
8056
8056
8056
8056
8054
8055
8055
8055
8055
8055
8056
8055
8055
8055
8054
8054
8054
8055
8054
8055
8055
8055
8055
8055
8055
8054
8054
8054
8054
8054
8055
8055
8054
8052
8052
8051
8051
8051
8051
8051
8051
8051
8051
8051
8050
8050
8050
8050
8050
8051
8051
8051
8052
8052
8052
8051
8051
8051
8051
8051
8051
8050
8050
8050
8050
8050
8050
8050
8050
8047
8047
8047
8047
8047
8047
8048
8048
8048
8049
8049
8048
8049
8049
8049
8049
8049
8049
8049
8049
8049
8049
8049
8049
8049
8049
8049
8050
8049
8050
8050
8050
8050
8050
8050
8050
8050
8050
8050
8050
8051
8050
8050
8049
8049
8049
8048
8049
8049
8049
8050
8049
8050
8050
8050
8050
8051
8050
8050
8050
8050
8050
8049
8049
8050
8050
8050
8050
8050
8049
8049
8049
8049
8049
8050
8050
8050
8050
8050
8050
8050
8050
8050
8050
8051
8051
8051
8050
8050
8050
8050
8050
8049
8049
8049
8049
8049
8049
8049
8051
8051
8051
8051
8051
8051
8050
8050
8050
8050
8050
8050
8050
8050
8050
8051
8051
8051
8050
8050
8050
8050
8050
8051
8051
8051
8052
8052
8052
8052
8052
8052
8053
8053
8054
8054
8054
8054
8054
8054
8054
8054
8054
8053
8053
8053
8053
8053
8053
8053
8053
8053
8054
8054
8054
8054
8055
8055
8055
8054
8054
8054
8053
8053
8054
8054
8054
8054
8054
8053
8053
8053
8053
8053
8053
8053
8053
8053
8054
8054
8054
8054
8054
8054
8054
8054
8054
8054
8053
8052
8052
8052
8052
8052
8052
8052
8053
8053
8053
8052
8054
8053
8054
8054
8054
8054
8054
8054
8053
8053
8053
8054
8054
8054
8054
8054
8055
8055
8054
8053
8052
8052
8052
8052
8053
8054
8054
8055
8055
8056
8056
8056
8057
8057
8057
8057
8057
8056
8056
8056
8056
8056
8056
8057
8056
8056
8056
8056
8056
8056
8056
8056
8056
8056
8056
8056
8056
8057
8057
