8057
8057
8057
8057
8056
8053
8053
8053
8053
8053
8053
8053
8052
8052
8052
8053
8052
8052
8052
8053
8052
8052
8052
8052
8052
8052
8052
8052
8052
8052
8052
8051
8052
8052
8052
8053
8053
8054
8054
8054
8049
8049
8049
8050
8050
8051
8051
8052
8052
8052
8052
8051
8051
8051
8051
8051
8052
8052
8052
8052
8052
8052
8052
8052
8052
8052
8052
8052
8053
8052
8053
8052
8054
8054
8054
8054
8054
8054
8054
8054
8054
8054
8054
8054
8054
8054
8054
8054
8054
8054
8054
8054
8054
8054
8054
8054
8054
8054
8054
8054
8054
8055
8055
8055
8054
8054
8056
8056
8056
8056
8056
8056
8055
8055
8055
8056
8056
8056
8057
8057
8056
8056
8056
8056
8056
8056
8056
8056
8056
8056
8055
8055
8054
8054
8055
8055
8055
8056
8056
8055
8055
8055
8056
8056
8056
8057
8057
8057
8057
8057
8057
8057
8057
8057
8057
8057
8057
8057
8056
8056
8056
8056
8056
8057
8057
8057
8058
8058
8058
8058
8059
8059
8059
8059
8059
8059
8059
8059
8059
8059
8059
8059
8059
8059
8058
8058
8058
8058
8058
8058
8058
8058
8058
8058
8058
8058
8057
8057
8057
8057
8056
8056
8056
8059
8058
8058
8058
8058
8058
8057
8057
8057
8057
8057
8057
8058
8058
8058
8058
8058
8058
8058
8058
8057
8056
8056
8056
8056
8057
8057
8057
8058
8057
8057
8057
8057
8057
8057
8057
8060
8059
8060
8059
8059
8059
8059
8059
8060
8060
8060
8060
8060
8060
8060
8059
8059
8059
8059
8059
8059
8059
8059
8058
8058
8057
8057
8057
8057
8058
8058
8058
8058
8058
8058
8058
8058
8058
8057
8057
8057
8057
8057
8057
8057
8057
8057
8057
8058
8058
8059
8059
8059
8059
8060
8060
8059
8059
8060
8060
8061
8062
8062
8061
8060
8060
8060
8061
8061
8061
8061
8061
8062
8062
8062
8062
8063
8063
8063
8063
8063
8063
8063
8062
8062
8062
8062
8062
8062
8062
8062
8062
8062
8062
8061
8061
8061
8060
8060
8059
8059
8059
8059
8059
8059
8059
8059
8059
8059
8058
8058
8058
8058
8058
8058
8059
8059
8059
8059
8059
8059
8060
8060
8060
8060
8060
8061
8061
8061
8061
8061
8061
8061
8060
8060
8060
8060
8060
8061
8060
8060
8060
8060
8061
8060
8060
8060
8060
8060
8060
8060
8060
8060
8060
8060
8060
8061
8061
8061
8060
8060
8060
8060
8060
8060
8060
8060
8059
8059
8059
8059
8058
8059
8058
8058
8058
8058
8058
8057
8057
8057
8057
8057
8057
8057
8057
8057
8057
8057
8057
8057
8058
8058
8058
8058
8058
8058
8058
8059
8058
8058
8058
8058
8058
8059
8059
8058
8058
8058
8058
8058
8058
8058
8058
8058
8058
8058
8058
8058
8058
8058
8058
8058
8057
8057
8057
8057
8057
8057
8057
8057
8057
8057
8056
8056
8056
8056
8057
8057
8057
8057
8057
8057
8057
8057
8057
8057
8057
8057
8057
8057
8057
8057
8057
8057
8057
8057
8058
8058
8057
8057
8056
8056
8056
8056
8056
8056
8056
8056
805
8056
8055
8056
8056
8056
8056
8056
8056
8056
8056
8055
8055
8055
8055
8054
8054
8055
8054
8052
8052
8052
8052
8052
8052
8052
8052
8052
8052
8052
8051
8052
8051
8051
8051
8051
8051
8051
8051
8051
8051
8051
8052
8052
8052
8051
8051
8052
8052
8052
8052
8052
8052
8052
8051
8049
8050
8050
8051
8051
8052
8052
8052
8052
8051
8050
8050
8049
8050
8050
8050
8049
8049
8049
8049
8050
8049
8049
8049
8049
8049
8048
8049
8049
8048
8048
8049
8049
8049
8048
8048
8047
