8075
8075
8076
8076
8076
8076
8075
8075
8075
8074
8075
8074
8075
8075
8075
8075
8075
8075
8075
8071
8072
8071
8072
8072
8073
8073
8073
8073
8074
8073
8073
8072
8072
8072
8072
8072
8072
8072
8071
8071
8072
8072
8073
8073
8073
8073
8073
8073
8073
8073
8072
8072
8072
8072
8073
8072
8072
8071
8071
8071
8071
8071
8071
8071
8072
8071
8072
8072
8073
8073
8074
8074
8074
8074
8074
8074
8073
8073
8073
8073
8073
8073
8073
8073
8073
8073
8073
8071
8072
8072
8071
8071
8071
8072
8072
8072
8072
8072
8072
8072
8072
8072
8071
8071
8072
8071
8071
8071
8071
8071
8071
8071
8071
8071
8071
8071
8071
8070
8071
8072
8072
8072
8072
8073
8072
8072
8072
8072
8073
8073
8073
8073
8072
8073
8073
8073
8073
8073
8073
8073
8073
8074
8074
8075
8075
8075
8075
8076
8076
8075
8075
8074
8073
8074
8074
8072
8072
8072
8072
8072
8073
8072
8072
8072
8071
8072
8072
8072
8072
8072
8072
8072
8072
8072
8072
8072
8072
8072
8072
8072
8072
8071
8071
8071
8071
8071
8071
8073
8073
8073
8072
8072
8072
8073
8073
8074
8074
8074
8074
8074
8074
8074
8074
8074
8074
8074
8073
8073
8072
8072
8073
8073
8073
8073
8073
8073
8072
8072
8073
8073
8073
8073
8074
8073
8073
8073
8073
8073
8073
8073
8073
8073
8073
8073
8073
8073
8072
8072
8072
8072
8072
8073
8073
8073
8073
8073
8073
8073
8073
8073
8073
8073
8074
8074
8074
8076
8076
8075
8075
8075
8075
8076
8075
8075
8075
8075
8075
8076
8076
8076
8076
8076
8075
8075
8075
8074
8074
8074
8074
8074
8075
8074
8074
8074
8074
8073
8073
8074
8073
8073
8073
8073
8073
8072
8072
8071
8071
8071
8071
8071
8071
8071
8070
8071
8071
8071
8072
8071
8071
8071
8071
8072
8072
8072
8072
8073
8072
8072
8072
8071
8071
8071
8071
8069
8069
8070
8070
8070
8070
8070
8070
8070
8070
8070
8071
8071
8071
8070
8070
8070
8071
8071
8070
8071
8071
8071
8072
8072
8072
8072
8072
8072
8072
8072
8072
8070
8071
8071
8071
8071
8071
8071
8071
8070
8070
80
8070
8070
8070
8070
8070
8070
8070
8070
8070
8070
8070
8070
8070
8070
8070
8069
8069
8069
8068
8068
8067
8068
8068
8068
8069
8071
8071
8070
8070
8070
8070
8070
8070
8070
8070
8071
8070
8070
8070
8070
8070
8069
8069
8070
8069
8069
8069
8069
8069
8069
8069
8070
8070
8070
8070
8070
8070
8069
8069
8069
8070
8070
8070
8070
8070
8070
8070
8070
8070
8070
8070
8069
8068
8068
8068
8068
8068
8068
8068
8068
8068
8069
8069
8069
8069
8069
8069
8069
8069
8071
8071
8071
8071
8071
8071
8071
8071
8071
8070
8070
8070
8070
8070
8070
8070
8070
8071
8071
8071
8071
8072
8072
8072
8071
8072
8072
8071
8071
8070
8070
8070
8070
8070
8070
8070
8070
8070
8070
8070
8070
8069
8070
8070
8070
8070
8070
8070
8070
8070
8070
8070
8070
8070
8070
8070
8070
8070
8070
8071
8071
8071
8071
8071
8072
8073
8073
8073
8073
8073
8073
8073
8073
8073
8073
8073
8073
8074
8073
8073
8073
8072
8072
8072
8072
8072
8072
8072
8073
8073
8072
8072
8072
8072
8073
8073
8074
8074
8074
8073
8073
8075
8075
8075
8075
8075
8075
8075
8075
8075
8075
8075
8075
8075
8075
8075
8075
8075
8075
8075
8075
8075
8075
8075
8075
8075
8075
8075
8075
8075
8074
8074
8074
8077
8076
8076
8076
8075
8075
8075
8076
8076
8077
8077
8077
