8094
8094
8094
8094
8094
8095
8095
8095
8095
8095
8095
8095
8095
8095
8095
8095
8095
8095
8094
8094
8097
8097
8097
8097
8097
8097
8097
8097
8097
8097
8098
8097
8098
8097
8098
8097
8097
8097
8097
8097
8097
8097
8097
8097
8097
8097
8096
8096
8096
8096
8096
8096
8096
8097
8097
8097
8094
8094
8094
8094
8094
8094
8094
8095
8095
8095
8095
8095
8096
8096
8096
8096
8097
8097
8097
8097
8096
8096
8096
8096
8096
8096
8096
8096
8096
8096
8096
8096
8092
8092
8093
8093
8093
8093
8093
8092
8092
8092
8093
8093
8092
8092
8092
8092
8092
8092
8092
8092
8092
8092
8092
8092
8092
8092
8092
8092
8092
8092
8092
8091
8092
8092
8092
8091
8092
8091
8091
8091
8091
8091
8092
8092
8092
8092
8092
8092
8092
8092
8092
8092
8092
8092
8092
8092
8092
8093
8092
8092
8092
8092
8092
8092
8092
8092
8093
8093
8093
8093
8093
8093
8093
8093
8093
8093
8093
8093
8093
8093
8093
8093
8093
8094
8093
8093
8093
8093
8092
8092
8093
8093
8094
8094
8094
8094
8094
8094
8092
8092
8093
8093
8093
8093
8093
8093
8093
8092
8093
8093
8093
8093
8093
8093
8093
8093
8093
8093
8093
8093
8093
8093
8093
8093
8093
8093
8093
8093
8093
8093
8093
8093
8093
8093
8094
8094
8094
8095
8094
8094
8094
8094
8093
8093
8092
8092
8092
8092
8093
8093
8094
8094
8094
8095
8095
8095
8095
8095
8095
8095
8095
8094
8094
8094
8094
8094
8093
8093
8093
8093
8093
8093
8093
8093
8093
8093
8093
8093
8093
8093
8092
8092
8092
8092
8092
8092
8092
8092
8093
8093
8093
8093
8093
8093
8093
8093
8094
8094
8091
8091
8091
8091
8091
8091
8091
8091
8091
8091
8092
8091
8091
8091
8091
8091
8091
8091
8092
8092
8091
8091
8091
8091
8091
8092
8092
8092
8092
8092
8092
8093
8092
8091
8092
8092
8092
8092
8092
8092
8092
8092
8092
8092
8092
8092
8092
8091
8091
8091
8091
8091
8091
8091
8091
8092
8092
8092
8092
8092
8092
8091
8092
8091
8091
8092
8092
8091
8091
8091
8091
8092
8092
8092
8092
8092
8092
8092
8092
8092
8092
8092
8092
8092
8092
8092
8091
8091
8091
8091
8092
8092
8092
8092
8092
8092
8092
8092
8092
8092
8092
8093
8093
8092
8092
8092
8092
8092
8092
8092
8092
8092
8092
8092
8092
8091
8091
8091
8092
8091
8091
8091
8091
8090
8091
8090
8090
8090
8090
8091
8090
8090
8091
8091
8091
8091
8090
8090
8090
8090
8090
8090
8089
8090
8090
8090
8090
8090
8090
8091
8091
8091
8091
8090
8091
8091
8091
8091
8090
8090
8090
8089
8088
8088
8088
8086
8086
8086
8085
8085
8085
8085
8085
8085
8085
8084
8084
8084
8084
8084
8084
8084
8084
8084
8085
8085
8084
8084
8084
8084
8085
8085
8084
8085
8085
8086
8086
8086
8086
8084
8084
8084
8084
8085
8085
8085
8085
8086
8086
8086
8086
8086
8087
8087
8086
8086
8086
8086
8086
8086
8086
8086
8086
8087
8087
8087
8087
8087
8087
8087
8087
8089
8089
8089
8089
8090
8089
8089
8090
8089
8089
8088
8088
8088
8088
8088
8089
8089
8089
8089
8089
8089
8089
8088
8089
8089
8090
8089
8089
8089
8089
8089
8089
8086
8086
8086
8086
8086
8086
8086
8086
8086
8086
8086
8086
8085
8085
8086
8086
8086
8086
8086
8086
8086
8086
8086
8085
8085
8085
8085
8085
8085
8085
8085
8085
8085
8085
8085
8085
8082
8082
8082
8082
8081
8081
8082
8082
8082
8082
8082
8082
8082
8082
8082
