8055
8054
8054
8054
8054
8054
8053
8053
8053
8054
8054
8054
8054
8054
8054
8054
8054
8054
8055
8055
8055
8055
8054
8054
8054
8054
8054
8054
8054
8054
8054
8054
8054
8055
8052
8052
8052
8052
8052
8052
8053
8053
8053
8053
8053
8053
8053
8053
8053
8053
8053
8052
8052
8053
8053
8053
8053
8053
8053
8053
8053
8053
8053
8056
8056
8056
8057
8057
8057
8057
8058
8058
8059
8058
8058
8058
8057
8057
8056
8056
8056
8056
8056
8056
8057
8057
8057
8058
8058
8058
8058
8058
8058
8058
8057
8057
8057
8057
8057
8059
8059
8059
8059
8058
8058
8057
8057
8057
8058
8058
8058
8059
8059
8059
8059
8060
8060
8060
8060
8060
8060
8060
8060
8060
8060
8059
8059
8059
8059
8059
8059
8060
8060
8061
8061
8061
8062
8062
8062
8062
8062
8062
8062
8062
8062
8062
8062
8062
8062
8061
8061
8061
8062
8061
8061
8061
8061
8062
8062
8062
8062
8063
8062
8060
8060
8061
8061
8061
8061
8061
8061
8061
8061
8060
8060
8060
8060
8060
8061
8060
8061
8061
8061
8061
8061
8061
8062
8062
8062
8063
8062
8062
8062
8061
8061
8062
8062
8063
8063
8065
8065
8065
8065
8064
8064
8064
8064
8064
8064
8064
8064
8064
8064
8064
8064
8063
8063
8063
8063
8063
8063
8062
8062
8062
8062
8062
8063
8063
8063
8063
8062
8062
8062
8063
8063
8064
8064
8064
8064
8064
8064
8065
8065
8065
8065
8065
8065
8064
8064
8064
8064
8064
8063
8063
8063
8064
8064
8064
8064
8064
8064
8063
8063
8063
8063
8063
8063
8063
8064
8064
8064
8064
8064
8063
8063
8062
8062
8063
8063
8063
8064
8064
8064
8064
8064
8064
8065
8065
8065
8065
8065
8065
8064
8063
8064
8062
8062
8061
8061
8061
8060
8060
8060
8060
8060
8060
8060
8060
8060
8060
8060
8060
8060
8059
8059
8059
8059
8059
8058
8058
8057
8058
8057
8058
8057
8057
8057
8057
8057
8057
8057
8057
8058
8058
8058
8057
8057
8057
8056
8056
8056
8056
8056
8056
8056
8056
8056
8056
8056
8056
8057
8057
8057
8057
8057
8057
8058
8058
8058
8060
8060
8060
8060
8060
8060
8060
8060
8060
8060
8060
8059
8059
8060
8059
8059
8059
8059
8059
8059
8059
8059
8058
8059
8059
8059
8059
8059
8059
8059
8059
8058
8058
8057
8058
8058
8058
8058
8058
8058
8058
8058
8058
8058
8058
8059
8060
8060
8060
8060
8060
8060
8060
8061
8061
8061
8061
8061
8060
8059
8060
8060
8060
8060
8060
8060
8059
8059
8060
8060
8060
8060
8061
8061
8061
8061
8061
8061

8062
8062
8063
8063
8062
8061
8061
8061
8061
8062
8062
8063
8063
8062
8062
8062
8062
8062
8062
8061
8061
8061
8062
8062
8062
8063
8062
8062
8062
8062
8061
8061
8060
8060
8060
8060
8060
8060
8061
8060
8060
8060
8060
8061
8061
8061
8061
8062
8062
8062
8061
8061
8061
8061
8061
8062
8062
8063
8063
8063
8062
8061
8060
8060
8060
8060
8059
8059
8059
8060
8060
8061
8061
8061
8061
8061
8061
8061
8061
8060
8060
8060
8059
8059
8059
8059
8059
8056
8055
8055
8055
8056
8056
8056
8056
8056
8056
8056
8056
8056
8056
8057
8057
8057
8058
8057
8056
8056
8056
8056
8056
8056
8056
8057
8056
8056
8056
8056
8056
8055
8055
8055
8055
8055
8055
8055
8055
8055
8055
8055
8055
8054
8054
8054
8054
8053
8053
8054
8053
8054
8054
8054
8053
8053
8053
8053
8053
8053
8054
8053
8053
8053
8053
8053
8053
8054
8054
8054
8054
8054
8053
8053
