8080
8079
8078
8078
8078
8078
8078
8078
8078
8077
8077
8077
8078
8078
8079
8079
8079
8079
8079
8079
8079
8078
8078
8078
8078
8078
8078
8078
8078
8078
8078
8078
8078
8078
8078
8078
8078
8078
8078
8078
8078
8078
8078
8077
8077
8077
8076
8076
8076
8076
8076
8076
8076
8075
8075
8076
8075
8076
8076
8076
8076
8076
8076
8076
8076
8076
8076
8076
8076
8076
8076
8076
8076
8076
8076
8076
8076
8076
8076
8077
8077
8077
8076
8075
8075
8076
8075
8075
8075
8075
8075
8074
8074
8074
8074
8074
8074
8074
8073
8074
8074
8073
8073
8073
8073
8073
8073
8073
8073
8073
8073
8074
8076
8076
8075
8075
8076
8075
8076
8076
8076
8076
8076
8076
8076
8076
8075
8075
8076
8076
8075
8075
8076
8076
8075
8076
8076
8076
8076
8077
8077
8077
8077
8077
8075
8075
8075
8075
8075
8075
8074
8074
8073
8073
8073
8073
8074
8073
8073
8074
8074
8074
8074
8074
8074
8074
8074
8075
8075
8075
8074
8074
8074
8073
8074
8074
8074
8074
8074
8075
8073
8073
8073
8073
8073
8073
8074
8074
8074
8074
8075
8075
8075
8075
8075
8075
8075
8075
8075
8075
8075
8074
8074
8074
8074
8074
8074
8074
8075
8075
8075
8075
8075
8076
8075
8075
8075
8075
8076
8076
8076
8076
8076
8076
8076
8076
8076
8076
8076
8076
8076
8076
8076
8076
8076
8076
8076
8076
8076
8077
8077
8077
8077
8077
8077
8077
8076
8076
8076
8076
8076
8076
8076
8076
8076
8075
8075
8075
8075
8075
8075
8075
8075
8075
8076
8076
8076
8076
8075
8075
8075
8075
8075
8074
8075
8074
807
8074
8073
8073
8073
8074
8074
8075
8075
8075
8075
8075
8075
8075
8075
8075
8075
8074
8074
8074
8074
8074
8074
8074
8074
8075
8075
8075
8075
8075
8075
8075
8075
8074
8075
8075
8075
8075
8075
8075
8074
8074
8075
8074
8074
8074
8074
8074
8074
8074
8074
8074
8074
8074
8073
8074
8074
8074
8074
8074
8072
8072
8073
8073
8073
8073
8073
8073
8073
8073
8073
8073
8073
8073
8073
8073
8073
8073
8072
8073
8073
8072
8073
8072
8072
8072
8072
8072
8072
8072
8072
8073
8073
8073
8073
8073
8073
8073
8073
8073
8073
8073
8074
8074
8074
8074
8074
8074
8074
8074
8074
8074
8074
8074
8074
8074
8075
8074
8074
8074
8075
8074
8074
8074
8074
8074
8073
8073
8074
8074
8074
8074
8075
8074
8074
8074
8075
8075
8075
8074
8075
8075
8075
8075
8075
8074
8075
8075
8075
8075
8075
8076
8075
8075
8075
8075
8075
8075
8073
8074
8073
8074
8074
8073
8073
8074
8074
8074
8074
8074
8074
8074
8073
8073
8073
8072
8073
8072
8073
8073
8073
8073
8073
8073
8074
8073
8073
8073
8073
8073
8073
8073
8074
8074
8075
8075
8074
8073
8073
8072
8073
8073
8073
8073
8074
8074
8074
8074
8074
8074
8074
8074
8074
8074
8074
8074
8074
8074
8074
8074
8074
8074
8074
8074
8074
8075
8072
8073
8073
8073
8072
8072
8072
8073
8073
8072
8072
8072
8072
8072
8072
8072
8071
8071
8071
8071
8071
8071
8071
8071
8071
8071
8071
8071
8071
8071
8071
8072
8072
8072
8073
8073
8073
8073
8072
8072
8072
8072
8072
8071
8071
8071
8071
8071
8071
8072
8072
8072
8072
8072
8071
8071
8072
8071
8071
8071
8071
8071
8071
8071
8070
8070
8070
8069
8069
8069
8069
8069
8069
8070
8069
8069
8069
8070
8070
8070
8070
8070
8069
8070
8070
8070
8070
8070
8070
8070
8070
8070
8070
8070
8071
8071
8071
8071
