8094
8094
8094
8094
8094
8094
8094
8094
8094
8094
8094
8094
8093
8092
8091
8090
8090
8090
8090
8091
8091
8091
8091
8092
8091
8092
8092
8091
8091
8091
8091
8092
8091
8091
8091
8091
8091
8091
8091
8091
8091
8091
8091
8091
8091
8092
8092
8092
8092
8093
8093
8093
8093
8093
8093
8093
8094
8093
8093
8093
8093
8093
8093
8093
8093
8093
8093
8093
8093
8093
8093
8093
8093
8093
8093
8093
8093
8093
8093
8093
8093
8091
8091
8091
8091
8092
8092
8092
8091
8091
8090
8091
8091
8091
8091
8092
8092
8092
8092
8092
8092
8092
8092
8092
8092
8092
8092
8091
8091
8090
8090
8091
8091
8092
8092
8092
8092
8092
8093
8093
8093
8093
8093
8093
8093
8093
8094
8094
8094
8094
8094
8094
8093
8093
8093
8093
8093
8093
8094
8094
8095
8095
8095
8095
8095
8094
8094
8094
8094
8094
8094
8095
8095
8094
8094
8094
8095
8095
8095
8094
8094
8094
8094
8094
8094
8094
8094
8093
8094
8094
8094
8094
8093
8093
8094
8094
8094
8096
8096
8096
8096
8097
8097
8097
8097
8096
8096
8096
8096
8097
8097
8097
8097
8097
8097
8097
8096
8096
8096
8096
8096
8096
8096
8096
8096
8096
8096
8096
8096
8096
8096
8096
8096
8098
8097
8097
8096
8096
8097
8097
8097
8097
8097
8098
8097
8098
8098
8098
8098
8098
8098
8098
8098
8098
8097
8097
8097
8097
8097
8097
8097
8098
8098
8098
8098
8096
8096
8096
8096
8096
8097
8097
8097
8097
8097
8097
8097
8097
8096
8096
8096
8096
8096
8095
8095
8095
8095
8096
8096
8097
8097
8097
8097
8097
8097
8096
8097
8095
8095
8095
8095
8095
8095
8095
8094
8093
8093
8093
8093
8094
8093
8094
8094
8094
8094
8094
8094
8094
8094
8094
8094
8094
8094
8094
8093
8093
8093
8093
8094
8093
8092
8092
8092
8092
8092
8092
8091
8092
8092
8093
8093
8093
8093
8093
8093
8092
8092
8092
8092
8092
8092
8092
8092
8092
8092
8092
8092
8093
8093
8093
8092
8092
8093
8092
8091
8091
8091
8091
8091
8091
8092
8092
8091
8091
8091
8091
8091
8091
8091
8091
8091
8091
8091
8091
8091
8091
8091
8092
8092
8093
8093
8094
8094
8094
8094
8094
8094
8094
8094
8094
8094
8095
8095
8095
8095
8095
8095
8095
8095
8095
8095
8095
8095
8095
8094
8094
8094
8094
8094
8094
8094
8094
8094
8094
8094
8093
8093
8093
8094
8094
8093
8094
8093
8093
8093
8093
8093
8093
8092
8092
8092
8092
8092
8092
8091
8091
8092
8091
8091
8091
8092
8091
8091
8091
8091
8091
8091
8092
8092
8091
8092
8091
8092
8092
8091
8091
8091
8091
8091
8091
8091
8091
8091
8091
8091
8092
8092
8092
8092
8091
8091
8091
8092
8092
8092
8093
8093
8093
8093
8092
8092
8092
8092
8092
8092
8091
8089
8089
8089
8089
8089
8089

8089
8088
8088
8088
8088
8088
8087
8088
8088
8088
8088
8088
8088
8088
8087
8087
8087
8087
8087
8087
8087
8087
8087
8087
8086
8087
8087
8087
8087
8088
8088
8088
8087
8087
8087
8087
8087
8087
8087
8087
8087
8088
8088
8087
8087
8087
8087
8087
8088
8088
8087
8087
8087
8087
8087
8087
8087
8087
8087
8087
8087
8090
8090
8090
8089
8089
8089
8089
8089
8088
8088
8088
8088
8088
8088
8088
8088
8088
8089
8088
8088
8088
8088
8088
8088
8088
8088
8089
8089
8089
8089
8089
8089
8089
8089
8088
8088
8089
8089
8089
8089
8089
8090
8089
8089
8089
8089
8089
8089
8089
8089
8089
8089
8089
8090
8089
8089
