8079
8079
8079
8079
8079
8079
8079
8080
8080
8080
8079
8079
8079
8079
8079
8078
8078
8078
8077
8077
8078
8078
8079
8079
8079
8079
8079
8080
8082
8082
8082
8082
8083
8083
8083
8083
8083
8083
8083
8083
8083
8082
8082
8082
8082
8082
8082
8082
8083
8082
8082
8082
8082
8082
8082
8082
8082
8082
8082
8082
8080
8081
8081
8082
8081
8081
8081
8080
8080
8080
8080
8081
8081
8080
8081
8081
8081
8081
8081
8081
8081
8081
8081
8081
8081
8081
8081
8081
8081
8081
8081
8082
8082
8082
8082
8082
8082
8082
8082
8082
8082
8082
8082
8083
8083
8083
8082
8082
8082
8082
8082
8082
8082
8081
8081
8081
8081
8081
8082
8082
8083
8083
8083
8082
8083
8083
8083
8083
8084
8084
8084
8084
8084
8084
8084
8083
8083
8082
8082
8083
8082
8082
8082
8082
8082
8082
8082
8082
8082
8082
8082
8083
8084
8084
8084
8084
8084
8084
8086
8085
8085
8085
8085
8086
8086
8086
8086
8086
8086
8086
8086
8085
8085
8086
8086
8086
8086
8086
8086
8087
8086
8086
8087
8087
8086
8086
8086
8085
8088
8088
8088
8087
8087
8087
8087
8087
8086
8086
8086
8086
8086
8086
8087
8086
8086
8086
8086
8086
8086
8086
8086
8087
8087
8087
8087
8087
8088
8088
8088
8088
8087
8088
8088
8088
8088
8088
8088
8088
8088
8089
8089
8089
8089
8088
8088
8088
8088
8088
8088
8088
8088
8089
8089
8089
8089
8089
8089
8089
8089
8089
8089
8090
8090
8090
8090
8090
8091
8090
8090
8090
8090
8091
8090
8090
8090
8089
8089
8089
8089
8089
8089
8089
8089
8089
8090
8089
8089
8089
8090
8089
8090
8090
8089
8089
8089
8089
8089
8089
8089
8088
8088
8088
8088
8088
8089
8089
8089
8089
8089
8089
8089
8089
8089
8090
8090
8089
8089
8088
8088
8087
8087
8087
8087
8087
8087
8087
8087
8087
8087
8086
8086
8086
8086
8086
8087
8087
8087
8087
8086
8086
8086
8086
8086
8086
8086
8086
8086
8085
8085
8086
8086
8086
8086
8086
8086
8086
8086
8086
8086
8085
8085
8085
8085
8089
8089
8089
8089
8090
8090
8090
8090
8090
8089
8090
8089
8090
8090
8089
8089
8089
8089
8089
8089
8089
8089
8090
8090
8090
8090
8090
8089
8089
8089
8089
8089
8088
8088
8087
8087
8087
8088
8088
8088
8088
8088
8088
8088
8088
8088
8088
8088
8088
8088
8088
8088
8088
8088
8088
8087
8087
8087
8088
8088
8088
8088
8088
8088
8086
8086
8086
8086
8087
8087
8087
8087
8088
8088
8088
8088
8089
8089
8089
8089
8089
8089
8089
8089
8089
8089
8089
8089
8090
8089
8089
8089
8089
8089
8089
8090
8090
8089
8089
8089
8090
8091
8091
8092
8092
8093
8093
8093
8093
8092
8092
8091
8092
8091
8092
8092
8092
8092
8092
8093
8093
8093
8093
8093
8093
8093
8094
8094
8093
8093
8093
8093
8093
8093
8093
8093
8092
8092
8092
8092
8092
8093
8093
8093
8093
8093
8093
8093
8093
8093
8093
8093
8093
8094
8093
8093
8093
8093
8093
8093
8093
8093
8091
8091
8091
8091
8091
8091
8090
8090
8090
8090
8091
8091
8092
8092
8092
8092
8092
8093
8092
8093
8092
8092
8092
8092
8092
8092
8092
8093
8093
8093
8094
8094
8091
8091
8091
8090
8090
8090
8090
8090
8090
8090
8090
8090
8089
8090
8090
8090
8090
8090
8090
8090
8091
8091
8091
8091
8091
8091
8091
8091
8091
8091
8090
8090
8090
8094
8094
8094
8093
8093
8093
8093
8094
8093
8093
8093
8094
8094
8093
8093
8094
8094
8094
8094
8094
