8064
8065
8065
8065
8064
8064
8064
8064
8064
8064
8064
8064
8064
8064
8065
8064
8064
8064
8064
8064
8064
8064
8064
8064
8064
8064
8064
8064
8064
8064
8064
8065
8065
8066
8066
8066
8066
8066
8066
8066
8066
8066
8065
8066
8065
8065
8065
8065
8065
8066
8066
8067
8067
8067
8067
8066
8066
8066
8066
8066
8066
8066
8065
8065
8065
8065
8065
8066
8066
8066
8066
8066
8066
8066
8065
8065
8065
8065
8065
8066
8066
8066
8066
8066
8065
8065
8065
8065
8066
8066
8066
8066
8066
8066
8066
8066
8066
8065
8064
8064
8064
8064
8064
8064
8064
8064
8064
8064
8064
8064
8064
8065
8065
8065
8065
8065
8065
8064
8064
8064
8065
8065
8065
8065
8065
8065
8065
8065
8065
8063
8064
8064
8064
8065
8065
8065
8065
8065
8065
8065
8066
8065
8065
8065
8065
8065
8065
8065
8065
8065
8065
8065
8065
8065
8064
8064
8064
8064
8064
8065
8065
8064
8064
8065
8065
8064
8064
8064
8063
8063
8063
8063
8063
8063
8064
8064
8064
8064
8064
8064
8064
8064
8063
8064
8064
8064
8063
8063
8062
8063
8063
8064
8064
8064
8064
8064
8064
8064
8064
8064
8064
8064
8064
8064
8064
8064
8064
8064
8065
8065
8065
8065
8065
8065
8065
8065
8065
8065
8065
8065
8065
8065
8065
8065
8064
8064
8061
8062
8062
8062
8062
8062
8062
8062
8062
8062
8062
8062
8062
8062
8062
8062
8062
8062
8063
8063
8063
8063
8063
8063
8063
8064
8064
8063
8063
8063
8063
8064
8063
8063
8063
8063
8063
8063
8063
8062
8062
8062
8062
8062
8062
8062
8062
8062
8062
8061
8061
8061
8061
8061
8062
8062
8062
8062
8062
8061
8061
8061
8061
8061
8061
8063
8062
8061
8061
8060
8061
8061
8061
8061
8061
8061
8061
8062
8062
8062
8062
8062
8062
8062
8061
8061
8060
8060
8059
8059
8059
8060
8060
8060
8061
8060
8060
8059
8059
8059
8059
8059
8059
8058
8058
8058

8058
8058
8058
8058
8058
8058
8058
8059
8058
8058
8058
8058
8059
8058
8058
8058
8058
8058
8059
8059
8060
8060
8056
8056
8056
8056
8056
8056
8056
8056
8056
8055
8055
8055
8055
8056
8056
8056
8057
8057
8057
8057
8057
8058
8058
8058
8058
8059
8058
8058
8058
8057
8057
8057
8058
8060
8061
8060
8060
8060
8060
8060
8060
8060
8060
8060
8060
8061
8061
8061
8061
8061
8061
8061
8061
8061
8061
8061
8061
8061
8062
8062
8062
8063
8063
8063
8063
8063
8063
8063
8063
8063
8063
8063
8063
8063
8064
8063
8063
8063
8064
8064
8064
8063
8063
8063
8063
8064
8064
8064
8064
8063
8064
8063
8063
8064
8064
8064
8064
8065
8066
8066
8066
8066
8066
8066
8067
8066
8066
8066
8066
8066
8066
8066
8067
8067
8067
8067
8067
8068
8068
8067
8067
8066
8066
8066
8066
8066
8066
8066
8066
8066
8066
8066
8067
8067
8067
8066
8066
8067
8066
8067
8067
8066
8066
8066
8067
8067
8067
8067
8067
8068
8068
8068
8068
8067
8067
8067
8067
8067
8067
8067
8067
8066
8066
8066
8064
8065
8065
8065
8065
8064
8065
8065
8065
8
8065
8065
8065
8065
8065
8065
8065
8065
8065
8065
8065
8065
8065
8065
8064
8064
8064
8065
8065
8065
8065
8065
8066
8067
8067
8067
8067
8067
8067
8066
8066
8066
8066
8065
8065
8064
8064
8064
8065
8065
8065
8065
8065
8065
8065
8066
8066
8066
8066
8066
8066
8066
8066
8066
8066
8066
8067
8067
8068
8068
8068
8067
8067
8067
8067
8067
8067
8067
8067
8067
8067
