8075
8075
8074
8074
8076
8076
8075
8075
8075
8074
8074
8074
8074
8074
8074
8073
8074
8074
8073
8073
8073
8073
8073
8073
8073
8073
8073
8073
8072
8072
8072
8072
8072
8073
8073
8073
8073
8074
8073
8073
8073
8073
8073
8072
8073
8073
8073
8073
8073
8072
8072
8072
8072
8072
8072
8073
8073
8072
8073
8072
8072
8072
8072
8072
8073
8072
8072
8072
8071
8071
8071
8072
8072
8072
8072
8072
8072
8072
8071
8071
8071
8071
8071
8071
8071
8071
8072
8072
8072
8072
8072
8072
8071
8071
8071
8071
8071
8071
8071
8071
8072
8072
8072
8072
8071
8071
8071
8070
8070
8070
8070
8070
8071
8071
8071
8072
8072
8072
8072
8072
8072
8072
8072
8072
8072
8071
8071
8071
8070
8071
8071
8072
8072
8072
8072
8072
8070
8071
8071
8071
8071
8071
8071
8071
8072
8072
8072
8072
8072
8072
8072
8072
8072
8071
8071
8071
8071
8071
8072
8072
8072
8072
8072
8072
8072
8072
8072
8072
8072
8072
8071
8071
8071
8071
8072
8072
8072
8073
8073
8073
8072
8072
8071
8071
8072
8072
8072
8073
8073
8074
8074
8074
8074
8074
8074
8074
8074
8074
8074
8073
8073
8073
8073
8073
8073
8073
8073
8073
8072
8072
8072
8072
8073
8073
8073
8073
8073
8073
8073
8073
8073
8073
8073
8073
8072
8072
8072
8072
8072
8072
8072
8072
8072
8073
8073
8073
8072
8072
8072
8071
8071
8071
8071
8071
8071
8071
8072
8072
8072
8072
8072
8072
8072
8072
8072
8072
8071
8071
8071
8071
8071
8071
8072
8072
8072
8072
8072
8072
8071
8071
8072
8072
8072
8072
8072
8072
8072
8073
8073
8073
8073
8073
8073
8072
8072
8072
8072
8072
8072
8072
8072
8072
8072
8072
8072
8072
8072
8072
8072
8072
8072
8071
8071
8071
8071
8071
8071
8071
8072
8071
8071
8071
8071
8071
8070
8071
8071
8071
8071
8071
8071
8071
8072
8071
8071
8072
8071
8071
8071
8071
8071
8070
8070
8070
8070
8070
8066
8066
8067
8067
8067
8067
8067
8068
8068
8068
8068
8067
8067
8067
8067
8066
8066
8065
8065
8064
8065
8065
8065
8065
8065
8065
8065
8065
8065
8065
8066
8066
8063
8064
8064
8064
8064
8064
8064
8064
8064
8064
8064
8064
8064
8063
8063
8063
8063
8064
8064
8064
8064
8064
8064
8064
8064
8064
8065
8065
8065
8065
8065
8065
8064
8064
8064
8064
8065
8065
8065
8064
8064
8064
8063
8063
8063
8063
8063
8063
8064
8064
8064
8064
8064
8063
8063
8063
8063
8063
8063
8063
8063
8062
8062
8061
8060
8060
8060
8061
8062
8062
8061
8061
8061
8061
8061
8061
8062
8061
8062
8062
8061
8061
8061
8061
8061
8061
8062
8062
8061
8061
8062
8062
8062
8062
8062
8062
8062
8063
8062
8062
8060
8060
8060
8060
8060
8060
8061
8061
8061
8060
8060
8060
8060
8060
8059
8059
8058
8059
8059
8059
8059
8060
8060
8061
8061
8061
8061
8060
8060
8060
8060
8060
8059
8059
8059
8059
8060
8059
8059
8059
8059
8059
8059
8059
8058
8058
8058
8058
8058
8059
8059
8059
8059
8059
8058
8058
8057
8057
8057
8058
8058
8058
8057
8058
8058
8058
8058
8058
8059
8059
8059
8059
8059
8059
8058
8058
8058
8058
8059
8059
8059
8059
8060
8060
8060
8059
8059
8059
8058
8058
8057
8058
8058
8058
8059
8059
8059
8060
8060
8060
8060
8060
8060
8060
8060
8061
8061
8061
8061
8061
8061
8061
8062
8061
8061
8062
8061
8061
8061
8062
8062
8062
8062
8062
8062
8063
8063
8063
8063
8063
8063
8063
