8086
8086
8086
8086
8086
8087
8087
8088
8087
8087
8087
8087
8087
8087
8087
8087
8086
8085
8085
8085
8086
8085
8085
8085
8082
8082
8082
8082
8081
8081
8081
8081
8081
8081
8081
8081
8081
8081
8081
8080
8080
8079
8079
8079
8079
8079
8080
8080
8081
8081
8081
8081
8081
8081
8081
8080
8080
8080
8080
8080
8080
8080
8079
8079
8079
8078
8078
8078
8077
8077
8078
8078
8078
8078
8078
8078
8078
8078
8078
8078
8078
8077
8077
8077
8076
8075
8075
8071
8071
8071
8070
8070
8069
8069
8070
8070
8070
8070
8070
8070
8070
8070
8070
8070
8069
8069
8070
8069
8069
8069
8068
8068
8067
8068
8068
8068
8068
8069
8069
8069
8069
8069
8069
8069
8069
8069
8069
8069
8068
8068
8068
8068
8069
8069
8069
8068
8068
8068
8069
8069
8069
8070
8069
8070
8070
8070
8069
8070
8070
8070
8070
8070
8070
8070
8069
8069
8070
8070
8070
8070
8070
8070
8070
8070
8069
8069
8069
8069
8070
8070
8070
8070
8070
8070
8071
8070
8071
8071
8072
8072
8072
8072
8071
8071
8070
8070
8070
8070
8070
8070
8074
8074
8073
8073
8073
8072
8073
8073
8073
8073
8073
8073
8073
8073
8073
8073
8073
8073
8073
8073
8073
8073
8073
8073
8073
8072
8072
8072
8072
8073
8072
8073
8072
8072
8073
8073
8073
8073
8072
8072
8072
8072
8072
8072
8072
8072
8072
8072
8071
8070
8071
8070
8071
8071
8071
8072
8072
8072
8072
8072
8072
8072
8072
8072
8071
8071
8071
8071
8071
8071
8071
8071
8072
8071
8071
8071
8071
8070
8070
8070
8070
8071
8070
8070
8070
8071
8070
8071
8071
8071
8071
8071
8070
8070
8070
8070
8070
8070
8070
8070
8069
8069
8069
8069
80
8070
8070
8070
8070
8071
8071
8071
8071
8072
8072
8072
8072
8072
8072
8072
8072
8072
8072
8071
8071
8071
8071
8071
8072
8072
8072
8073
8070
8070
8070
8071
8071
8071
8071
8071
8071
8071
8071
8071
8072
8071
8071
8071
8071
8070
8071
8071
8072
8072
8072
8072
8073
8073
8073
8073
8072
8072
8072
8073
8074
8074
8075
8075
8075
8075
8075
8075
8075
8075
8074
8074
8074
8074
8074
8075
8075
8075
8076
8076
8076
8076
8076
8076
8075
8075
8076
8076
8076
8076
8076
8075
8075
8075
8075
8074
8078
8078
8078
8078
8077
8077
8077
8077
8077
8077
8077
8078
8077
8078
8078
8078
8078
8078
8077
8077
8077
8077
8077
8077
8077
8077
8077
8077
8077
8076
8076
8077
8078
8078
8078
8079
8079
8079
8080
8080
8080
8080
8080
8081
8081
8081
8081
8081
8081
8080
8079
8079
8079
8080
8080
8080
8080
8080
8080
8081
8081
8081
8081
8081
8082
8082
8082
8082
8083
8083
8083
8083
8083
8083
8082
8082
8081
8081
8081
8081
8080
8080
8080
8081
8081
8081
8081
8081
8082
8082
8082
8082
8082
8082
8082
8082
8081
8081
8081
8082
8081
8081
8081
8081
8081
8081
8081
8081
8081
8081
8082
8082
8082
8082
8082
8082
8082
8082
8082
8082
8082
8082
8081
8081
8080
8080
8080
8080
8080
8080
8080
8080
8080
8080
8080
8079
8079
8080
8079
8080
8080
8080
8080
8080
8080
8080
8080
8080
8080
8080
8080
8080
8080
8081
8080
8080
8080
8080
8080
8080
8080
8080
8080
8080
8081
8081
8080
8080
8080
8080
8080
8080
8080
8079
8079
8078
8078
8078
8078
8079
8079
8079
8079
8079
8078
8078
8078
8079
8079
8079
8080
8080
8080
8079
8079
8079
8078
8079
8079
8079
8081
8081
8081
8081
8081
8081
8081
8080
8080
8080
