8068
8068
8068
8068
8068
8068
8069
8069
8069
8068
8069
8069
8069
8070
8070
8070
8070
8070
8070
8070
8070
8069
8069
8069
8070
8070
8070
8070
8070
8070
8070
8071
8071
8071
8070
8070
8070
8069
8069
8069
8069
8070
8070
8070
8070
8070
8071
8071
8071
8071
8071
8071
8071
8071
8071
8071
8070
8070
8070
8070
8071
8071
8071
8069
8069
8069
8069
8070
8070
8070
8070
8070
8070
8070
8069
8069
8070
8069
8069
8069
8069
8069
8069
8069
8068
8068
8068
8069
8069
8069
8069
8069
8069
8069
8069
8069
8069
8069
8070
8070
8070
8070
8070
8070
8071
8071
8071
8071
8071
8070
8070
8069
8069
8069
8070
8070
8069
8069
8069
8070
8070
8070
8070
8071
8071
8071
8071
8071
8070
8070
8069
8069
8069
8070
8069
8069
8069
8069
8069
8069
8068
8068
8068
8067
8067
8067
8068
8067
8067
8067
8068
8068
8068
8068
8068
8067
8067
8067
8067
8067
8067
8067
8067
8067
8067
8067
8067
8067
8067
8066
8066
8067
8066
8066
8067
8067
8067
8067
8067
8067
8066
8066
8066
8067
8067
8067
8067
8067
8067
8067
8068
8068
8069
8069
8069
8069
8070
8069
8069
8066
8066
8066
8067
8067
8067
8067
8067
8067
8067
8066
8066
8066
8066
8066
8065
8066
8066
8066
8066
8066
8066
8066
8066
8066
8066
8066
8066
8067
8067
8067
8067
8068
8069
8069
8069
8068
8068
8068
8068
8068
8067
8067
8067
8067
8067
8067
8067
8068
8068
8068
8069
8069
8069
8069
8068
8068
8067
8067
8067
8068
8068
8069
8069
8069
8068
8068
8068
8068
8068
8068
8068
8069
8069
8069
8069
8069
8069
8068
8069
8069
8069
8069
8069
8068
8068
8067
8067
8067
8067
8067
8067
8067
8067
8068
8067
8067
8067
8067
8067
8065
8065
8066
8065
8065
8066
8066
8066
8066
8066
8065
8065
8065
8065
8065
8065
8064
8065
8065
8065
8065
8065
8065
8065
8065
8065
8065
8064
8064
8064
8064
8063
8064
8064
8064
8065
8065
8065
8065
8065
8064
8065
8064
8
8064
8064
8065
8065
8065
8064
8064
8064
8064
8064
8064
8064
8064
8065
8064
8064
8064
8064
8064
8064
8064
8064
8063
8063
8063
8062
8062
8062
8062
8062
8063
8063
8063
8063
8063
8063
8063
8064
8064
8064
8064
8064
8064
8064
8064
8063
8064
8064
8064
8064
8064
8064
8064
8064
8063
8063
8064
8064
8064
8064
8064
8065
8065
8065
8065
8066
8065
8065
8065
8065
8065
8065
8065
8065
8065
8065
8065
8065
8065
8065
8065
8065
8065
8065
8065
8065
8065
8064
8064
8065
8065
8065
8067
8067
8067
8067
8067
8066
8065
8065
8065
8066
8066
8066
8066
8066
8066
8066
8066
8066
8066
8066
8066
8066
8067
8066
8066
8066
8066
8066
8066
8066
8067
8067
8067
8067
8067
8067
8067
8067
8067
8067
8068
8068
8068
8068
8068
8068
8068
8067
8067
8067
8067
8067
8068
8067
8068
8068
8068
8068
8068
8068
8067
8067
8067
8068
8068
8068
8069
8070
8069
8069
8069
8069
8068
8068
8068
8067
8067
8068
8068
8068
8068
8069
8069
8069
8069
8069
8068
8068
8069
8069
8069
8069
8069
8069
8069
8068
8070
8070
8070
8070
8070
8070
8069
8069
8069
8069
8069
8069
8069
8069
8069
8069
8069
8070
8070
8071
8071
8072
8072
8072
8072
8071
8071
8071
8071
8071
8071
8071
8068
8068
8067
8068
8067
8067
8067
8066
8066
8066
8066
8066
8067
8066
8066
8067
8067
8067
8067
8068
8067
8067
8067
8067
8067
8067
8067
8067
8068
8068
8070
8071
8070
8070
8070
8070
8071
