8098
8097
8096
8095
8095
8095
8095
8096
8095
8095
8095
8095
8095
8096
8096
8096
8097
8097
8097
8097
8098
8098
8098
8098
8098
8098
8099
8099
8098
8098
8098
8097
8098
8098
8098
8099
8103
8103
8103
8103
8104
8104
8104
8104
8103
8102
8100
8099
8099
8100
8100
8100
8100
8100
8100
8100
8100
8101
8100
8100
8100
8101
8101
8101
8102
8102
8102
8103
8103
8104
8105
8105
8104
8104
8104
8105
8104
8104
8104
8104
8103
8103
8103
8103
8103
8102
8101
8101
8100
8100
8101
8101
8102
8101
8101
8101
8101
8102
8102
8102
8103
8103
8103
8103
8103
8103
8103
8103
8103
8103
8103
8102
8102
8102
8102
8101
8100
8099
8098
8098
8098
8098
8099
8100
8100
8104
8104
8104
8104
8104
8104
8104
8104
8103
8103
8103
8103
8104
8104
8104
8105
8105
8105
8104
8105
8105
8105
8105
8106
8106
8107
8107
8106
8106
8106
8106
8107
8106
8106
8108
8108
8107
8107
8107
8107
8107
8107
8107
8107
8107
8107
8107
8107
8107
8107
8107
8108
8108
8108
8108
8108
8107
8107
8108
8108
8107
8108
8108
8108
8109
8109
8109
8110
8110
8110
8110
8110
8111
8111
8111
8112
8111
8111
8110
8110
8110
8110
8110
8111
8111
8110
8110
8111
8111
8111
8111
8111
8111
8111
8106
8106
8106
8106
8106
8107
8107
8106
8106
8105
8105
8105
8105
8105
8105
8105
8105
8105
8105
8106
8105
8105
8106
8106
8106
8106
8106
8106
8105
8105
8105
8105
8099
8099
8100
8101
8101
8101
8101
8101
8101
8101
8101
8101
8101
8102
8102
8101
8101
8100
8100
8100
8100
8100
8101
8101
8101
8102
8102
8102
8102
8102
8103
8103
8103
8103
8103
8102
8101
8100
8101
8098
8098
8098
8098
8098
8098
8098
8098
8098
8098
8098
8098
8098
8098
8098
8099
8099
8099
8099
8099
8100
8100
8100
8100
8099
8100
8100
8100
8100
8100
8100
8094
8094
8094
8095
8095
8096
8096
8096
8096
8096
8096
8096
8096
8096
8097
8097
8097
8097
8097
8096
8096
8096
8096
8096
8097
8097
8097
8098
8098
8098
8098
8099
8100
8100
8100
8100
8100
8099
8097
8097
8097
8097
8097
8095
8094
8093
8092
8091
8091
8091
8092
8093
8093
8094
8094
8094
8094
8095
8095
8095
8096
8096
8096
8096
8097
8097
8096
8096
8096
8096
8096
8096
8096
8096
8095
8098
8098
8098
8097
8097
8097
8097
8097
8097
8098
8098
8097
8095
8094
8092
8092
8092
8092
8092
8092
8092
8093
8093
8094
8094
8095
8095
8095
8095
8095
8095
8095
8094
8096
8096
8096
8096
8096
8095
8095
8095
8094
8094
8093
8093
8093
8093
8094
8094
8093
8092
8091
8090
8090
8090
8090
8090
8090
8092
8092
8091
8091
8091
8090
8091
8091
8091
8091
8092
8092
8092
8092
8092
8092
8092
8092
8093
8093
8092
8090
8088
8087
8087
8087
8090
8089
8089
8090
8089
8089
8090
8090
8091
8091
8091
8091
8091
8091
8091
8090
8089
8089
8089
8089
8089
8090
8090
8089
8089
8088
8087
8093
8093
8093
8093
8093
8093
8093
8093
8093
8092
8091
8091
8091
8091
8091
8091
8091
8091
8092
8092
8092
8092
8093
8093
8093
8093
8093
8095
8095
8095
8094
8094
8094
8094
8094
8095
8095
8095
8095
8095
8095
8095
8095
8095
8095
8095
8095
8095
8095
8095
8095
8095
8095
8095
8097
8097
8098
8098
8098
8098
8098
8099
8098
8098
8097
8097
8097
8097
8097
8097
8097
8098
8098
8098
8098
8098
8098
8098
8098
8098
8098
8098
8098
8097
8097
8097
8097
8097
8102
8102
8102
8102
8102
