8110
8110
8110
8111
8111
8112
8112
8112
8113
8113
8113
8114
8116
8116
8116
8116
8117
8117
8117
8117
8116
8116
8116
8117
8117
8117
8118
8118
8118
8118
8117
8116
8115
8115
8115
8115
8115
8115
8115
8115
8115
8115
8116
8116
8116
8116
8117
8116
8116
8117
8118
8118
8118
8118
8118
8119
8119
8119
8119
8119
8119
8119
8119
8118
8117
8117
8116
8116
8117
8117
8117
8117
8117
8118
8119
8118
8117
8115
8114
8115
8115
8115
8115
8115
8115
8115
8116
8116
8115
8115
8115
8115
8115
8116
8116
8116
8116
8116
8116
8116
8116
8116
8117
8117
8117
8117
8113
8113
8113
8114
8114
8115
8115
8115
8115
8115
8115
8115
8115
8115
8114
8114
8113
8113
8112
8112
8112
8113
8113
8113
8113
8113
8114
8114
8114
8114
8113
8114
8114
8114
8114
8114
8115
8115
8115
8114
8114
8114
8113
8113
8113
8113
8113
8114
8114
8114
8115
8115
8115
8115
8115
8116
8116
8116
8116
8116
8115
8115
8114
8114
8114
8114
8114
8115
8115
8115
8115
8115
8115
8115
8109
8109
8109
8109
8110
8110
8110
8110
8110
8110
8110
8110
8109
8108
8108
8108
8108
8108
8109
8109
8110
8110
8110
8110
8110
8110
8110
8109
8109
8109
8109
8109
8108
8107
8107
8107
8107
8107
8107
8107
8107
8103
8103
8102
8102
8102
8102
8103
8104
8104
8105
8105
8104
8105
8105
8105
8105
8105
8106
8106
8107
8107
8106
8106
8105
8106
8106
8107
8107
8107
8107
8107
8107
8106
8106
8106
8106
8107
8106
8106
8106
8106
8106
8106
8105
8103
8103
8102
8102
8101
8101
8100
8100
8100
8100
8100
8101
8101
8101
8102
8103
8103
8103
8104
8104
8103
8103
8103
8102
8102
8102
8102
8103
8103
8104
8104
8105
8104
8104
8105
8105
8105
8105
8104
8104
8104
8104
8103
8101
8101
8100
8101
8100
8100
8099
8099
8099
8099
8100
8100
8100
8100
8099
8099
8099
8099
8099
8100
8
8100
8099
8099
8106
8106
8106
8106
8105
8104
8103
8103
8103
8103
8103
8103
8103
8103
8104
8103
8103
8103
8102
8101
8100
8099
8099
809
8099
8100
8100
8100
8100
8100
8101
8101
8101
8101
8101
8101
8102
8102
8103
8103
8103
8103
8103
8103
8103
8103
8103
8102
8101
8101
8101
8101
8102
8102
8102
8102
8102
8102
8102
8102
8102
8101
8100
8099
8099
8098
8098
8098
8097
8097
8104
8104
8104
8104
8104
8104
8103
8103
8102
8102
8101
8101
8100
8101
8101
8101
8101
8102
8102
8102
8102
8102
8102
8102
8102
8097
8097
8097
8097
8097
8097
8097
8097
8097
8097
8098
8098
8098
8098
8098
8097
8097
8097
8097
8098
8098
8098
8098
8099
8099
8099
8099
8099
8100
8100
8100
8101
8100
8100
8099
8098
8098
8098
8098
8097
8097
8096
8097
8097
8098
8098
8098
8099
8099
8099
8099
8099
8100
8100
8100
8100
8101
8101
8102
8102
8101
8101
8101
8100
8100
8100
8100
8100
8100
8100
8100
8101
8101
8101
8101
8101
8094
8094
8094
8095
8095
8095
8095
8095
8096
8095
8095
8094
8094
8094
8094
8094
8095
8095
8095
8095
8095
8096
8096
8096
8096
8096
8096
8096
8096
8096
8096
8096
8096
8096
8096
8096
8096
8096
8097
8097
8096
8096
8096
8095
8096
8096
8095
8096
8096
8096
8097
8097
8097
8098
8098
8098
8098
8098
8098
8098
8098
8098
8098
8098
8098
8098
8101
8101
8102
8101
8100
8098
8098
8098
8098
8099
8100
8100
8100
8100
8100
8100
8099
8099
8099
8099
8100
8100
8100
8100
8100
8100
8100
8100
8100
8100
8100
