8120
8119
8118
8116
8115
8115
8115
8115
8116
8116
8117
8117
8117
8117
8118
8118
8118
8118
8118
8119
8119
8120
8121
8120
8120
8120
8120
8120
8122
8122
8122
8123
8123
8123
8123
8124
8124
8124
8124
8124
8124
8124
8124
8124
8123
8122
8120
8119
8119
8120
8120
8121
8121
8122
8122
8122
8123
8124
8124
8125
8126
8126
8128
8128
8128
8128
8128
8129
8128
8128
8127
8127
8127
8127
8127
8128
8128
8128
8128
8129
8129
8129
8129
8129
8129
8128
8127
8125
8123
8122
8122
8123
8123
8124
8124
8124
8124
8125
8124
8124
8125
8125
8125
8125
8125
8125
8125
8126
8126
8126
8126
8126
8126
8126
8125
8125
8124
8124
8123
8123
8123
8123
8123
8123
8121
8121
8121
8121
8121
8121
8121
8122
8121
8121
8122
8122
8121
8121
8121
8120
8120
8119
8119
8120
8120
8121
8121
8121
8121
8121
8120
8120
8119
8119
8119
8120
8120
8120
8120
8120
8120
8120
8121
8121
8121
8121
8121
8121
8122
8122
8123
8122
8122
8121
8120
8120
8120
8119
8120
8120
8120
8120
8120
8120
8120
8121
8121
8121
8118
8118
8118
8119
8119
8118
8118
8118
8118
8119
8119
8120
8120
8121
8121
8121
8122
8121
8120
8120
8120
8120
8120
8120
8121
8121
8121
8121
8122
8123
8123
8122
8122
8116
8116
8116
8116
8115
8115
8115
8116
8116
8116
8116
8117
8117
8117
8117
8117
8118
8118
8118
8118
8118
8118
8118
8117
8117
8117
8117
8117
8118
8118
8118
8119
8119
8119
8119
8119
8113
8113
8113
8114
8114
8114
8114
8114
8114
8114
8115
8116
8115
8115
8115
8114
8114
8114
8114
8114
8114
8115
8115
8115
8116
8116
8116
8116
8116
8116
8116
8116
8116
8116
8116
8116
8116
8115
8115
8119
8119
8118
8118
8118
8118
8116
8115
8115
8115
8115
8115
8116
8116
8116
8116
8116
8116
8117
8117
8118
8117
8117
8117
8117
8117
8117
8117
8118
8118
8119
8119
8119
8119
8119
8119
8120
8120
8119
8119
8120
8120
8120
8120
8120
8120
8120
8120
8120
8119
8117
8116
8115
8114
8114
8114
8115
8115
8116
8116
8116
8117
8117
8116
8116
8116
8116
8116
8116
8116
8115
8115
8115
8115
8115
8115
8115
8113
8112
8112
8112
8112
8113
8113
8113
8113
8114
8114
8113
8113
8111
8111
8111
8111
8111
8112
8112
8111
8112
8112
8112
8112
8112
8112
8112
8112
8111
8111
8111
8111
8111
8111
8110
8108
8107
8108
8108
8108
8109
8109
8109
8109
8109
8109
8108
8113
8113
8113
8113
8113
8113
8113
8113
8114
8114
8113
8113
8113
8112
8112
8113
8113
8114
8114
8114
8114
8114
8114
8115
8115
8115
8115
8114
8118
8118
8118
8118
8117
8117
8116
8117
8117
8117
8117
8117
8117
8118
8118
8118
8119
8119
8119
8119
8119
8119
8119
8119
8118
8118
8118
8115
8115
8116
8116
8116
8116
8116
8117
8117
8117
8116
8116
8115
8115
8115
8116
8115
8115
8115
8116
8116
8116
8116
8116
8116
8117
8117
8117
8117
8116
8116
8115
8115
8115
8111
8112
8112
8112
8112
8111
8111
8110
8110
8110
8110
8111
8111
8112
8112
8112
8112
8112
8112
8112
8111
8111
8111
8111
8110
8109
8108
8108
8108
8108
8108
8107
8107
8107
8107
8107
8108
8108
8108
8108
8109
8109
8110
8110
8110
8110
8109
8110
8110
8110
8109
8109
8109
8110
8110
8109
8109
8109
8109
8109
8109
8110
8110
8110
8111
8111
8111
8111
8110
8110
8110
8111
8111
8111
8110
8111
8111
8111
8111
8111
8111
8111
8111
8110
8110
8109
8109
8109
8108
8109
