8122
8122
8121
8120
8119
8119
8120
8120
8120
8120
8121
8121
8122
8122
8122
8114
8115
8115
8114
8115
8114
8115
8115
8115
8115
8114
8113
8112
8112
8113
8113
8113
8113
8113
8114
8113
8113
8113
8114
8114
8115
8115
8115
8115
8114
8113
8113
8113
8113
8113
8113
8109
8109
8108
8108
8109
8109
8109
8109
8109
8110
8110
8110
8110
8110
8110
8110
8110
8110
8110
8110
8109
8108
8108
8108
8108
8109
8109
8109
8110
8110
8110
8110
8110
8110
8110
8110
8110
8110
8109
8109
8108
8108
8110
8110
8110
8110
8110
8111
8111
8111
8111
8111
8111
8111
8111
8111
8111
8111
8111
8112
8112
8112
8112
8113
8113
8113
8113
8113
8113
8112
8112
8112
8113
8113
8113
8114
8114
8114
8114
8115
8115
8115
8115
8114
8113
8112
8113
8113
8111
8110
8109
8109
8110
8110
8110
8110
8111
8111
8110
8111
8111
8111
8111
8110
8110
8110
8111
8111
8111
8111
8111
8111
8111
8111
8111
8111
8112
8113
8113
8113
8113
8113
8113
8113
8111
8111
8112
8111
8111
8111
8111
8110
8109
8108
8108
8108
8108
8108
8109
8109
8110
8110
8110
8110
8110
8110
8109
8109
8109
8109
8109
8109
8109
8109
8110
8109
8109
8110
8110
8110
8108
8108
8108
8108
8108
8108
8108
8108
8109
8109
8109
8109
8108
8106
8105
8106
8105
8105
8105
8105
8105
8105
8105
8106
8107
8107
8108
8108
8111
8111
8111
8111
8111
8111
8111
8111
8111
8112
8112
8112
8112
8111
8110
8110
8108
8107
8106
8106
8107
8107
8107
8108
8108
8108
8109
8112
8112
8112
8112
8112
8111
8111
8110
8111
8111
8111
8111
8112
8112
8112
8112
8112
8112
8112
8111
8110
8109
8108
8109
8108
8108
8108
8107
8107
8108
8108
8108
8108
8108
8108
8108
8108
8108
8108
8107
8107
8107
8107
8108
8108
8108
8108
8108
8108
8108
8108
8108
8109
8109
8108
8108
8107
8107
8107
8108
8108
8107
8107
8107
8107
8108
8107
8107
8108
8108
8108
8108
8108
8108
8108
8108
8107
8107
8107
8108
8107
8107
8107
8106
8108
8108
8109
8109
8109
8109
8109
8110
8110
8110
8110
8111
8111
8111
8112
8112
8111
8111
8110
8109
8109
8109
8109
8109
8109
8110
8110
8111
8111
8111
8111
8113
8113
8113
8113
8114
8114
8114
8113
8113
8112
8112
8112
8113
8113
8114
8114
8114
8114
8114
8114
8114
8114
8114
8115
8115
8115
8115
8115
8114
8114
8114
8114
8114
8115
8114
8114
8115
8115
8106
8106
8106
8106
8106
8105
8105
8105
8105
8105
8105
8105
8105
8106
8105
8105
8105
8105
8105
8105
8105
8104
8105
8105
8105
8106
8106
8106
8105
8105
8105
8105
8105
8105
8104
8104
8103
8103
 810
8101
8100
8101
8101
8101
8101
8101
8101
8101
8100
8100
8100
8100
8100
8100
8100
8100
8100
8100
8100
8100
8101
8100
8101
8101
8101
8101
8101
8101
8101
8100
8100
8100
8096
8096
8096
8096
8095
8095
8095
8096
8096
8096
8096
8096
8097
8097
8097
8097
8097
8097
8097
8097
8097
8097
8097
8097
8096
8096
8095
8096
8095
8095
8095
8095
8096
8091
8091
8091
8091
8091
8091
8091
8091
8092
8092
8092
8093
8093
8094
8094
8094
8094
8093
8093
8092
8092
809
8093
8094
8094
8094
8094
8095
8095
8095
8095
8095
8095
8096
8094
8093
8092
8092
8092
8093
8093
8093
8093
8093
8093
8093
8093
8093
8093
8094
8094
8094
8095
8095
8095
8096
8096
8096
8097
8097
8097
8098
8098
8098
8098
8097
8097
8097
8097
8097
8096
8094
8092
8090
8090
8089
