8108
8108
8107
8105
8104
8103
8103
8103
8104
8104
8104
8105
8105
8105
8108
8109
8109
8109
8109
8109
8109
8109
8109
8109
8110
8109
8109
8108
8109
8108
8108
8108
8109
8109
8109
8109
8109
8109
8107
8106
8105
8105
8106
8106
8106
8106
8106
8106
8106
8109
8108
8108
8108
8109
8109
8110
8111
8111
8111
8111
8112
8112
8112
8113
8113
8113
8113
8113
8114
8113
8112
8113
8112
8113
8113
8113
8114
8114
8114
8114
8114
8112
8110
8110
8112
8112
8112
8113
8113
8114
8113
8113
8114
8113
8113
8114
8114
8114
8114
8114
8113
8112
8112
8113
8113
8113
8113
8114
8114
8114
8114
8114
8114
8115
8110
8110
8110
8110
8110
8110
8111
8111
8111
8111
8111
8111
8112
8112
8112
8112
8112
8112
8112
8112
8111
8110
8110
8110
8110
8110
8110
8111
8111
8110
8110
8110
8110
8110
8110
8108
8108
8109
8109
8109
8110
8110
8110
8109
8109
8109
8109
8109
8109
8109
8109
8109
8109
8109
8109
8110
8109
8110
8110
8110
8110
8111
8110
8109
8109
8108
8108
8108
8109
8109
8109
8109
8109
8109
8109
8107
8107
8107
8107
8107
8108
8108
8108
8108
8108
8108
8108
8109
8109
8110
8110
8110
8109
8109
8109
8109
8109
8109
8109
8110
8110
8110
8110
8110
8110
8110
8111
8111
8112
8112
8112
8111
8111
8110
8107
8108
8108
8109
8108
8107
8106
8106
8106
8106
8107
8107
8107
8108
8108
8108
8108
8109
8109
8108
8109
8109
8108
8108
8108
8107
8107
8107
8107
8107
8108
8108
8109
8109
8110
8110
8109
8109
8109
8109
811C
8105
8105
8105
8106
8106
8105
8103
8102
8102
8102
8102
8103
8103
8103
8103
8103
8102
8102
8102
8103
8103
8104
8105
8105
8105
8106
8106
8106
8105
8105
8105
8105
8106
8106
8105
8107
8106
8106
8106
8106
8106
8106
8106
8106
8106
8105
8104
8103
8103
8103
8104
8104
8105
8105
8105
8104
8104
8104
8104
8104
8104
8104
8104
8105
8105
8105
8105
8106
[0;
8107
8107
8108
8109
8109
8109
8109
8109
8109
8108
8108
8108
8108
8108

8104
8102
8102
8102
8103
8103
8104
8104
8104
8104
8105
8111
8111
8111
8111
8111
8111
8111
8110
8109
8109
8109
8109
8110
8110
8110
8110
8109
8108
8107
8106
8106
8106
8106
8106
8107
8107
8106
8106
8110
8110
8111
8111
8111
8111
8112
8112
8112
8112
8112
8112
8112
8112
8111
8111
8111
8110
8110
8110
8111
8111
8111
81
8109
8108
8108
8108
8108
8108
8108
8108
8108
8108
8108
8111
8111
8111
8111
8111
8111
8111
8112
8112
8113
8113
8113
8113
8113
8113
8112
8113
8113
8113
8113
8112
8112
8112
8112
8112
8112
8112
8112
8112
8111
8109
8107
8107
8107
8108
8107
8107
8107
8108
8108
8108
8108
8109
8108
8107
8107
8107
8106
8107
8106
8107
8106
8107
8107
8108
8108
8108
8108
8108
8108
8108
8108
8108
8108
8108
8108
8109
8110
8110
8110
8110
8109
8109
8108
8109
8109
8109
8109
8110
8110
8110
8109
8109
8109
8109
8109
8110
8110
8110
8110
8110
8110
8109
8110
8110
8110
8110
8110
8111
8111
8105
8106
8106
8106
8107
8107
8108
8108
8108
8109
8108
8107
8107
8106
8106
8106
8106
8106
8106
8107
8107
8108
8108
8108
8108
8108
8108
8108
8109
8109
8108
8108
8108
8108
8108
8108
8108
8108
8108
8108
8108
8106
8106
8106
8107
8107
8106
8106
8106
8106
8106
8106
8106
8107
8107
8107
8108
8108
8108
8108
8109
8109
8109
8109
8109
8109
8109
8109
8109
8109
8109
8109
8109
