8103
8103
8103
8104
8104
8103
8103
8104
8104
8104
8104
8104
8104
8107
8107
8107
8107
8107
8107
8107
8107
8107
8107
8107
8108
8108
8108
8107
8107
8107
8107
8106
8105
8104
8103
8103
8103
8103
8104
8104
8104
8104
8103
8103
8102
8102
8102
8102
8103
8104
8104
8104
8104
8104
8104
8104
8105
8105
8105
8106
8105
8105
8104
8104
8104
8104
8104
8104
8103
8102
8101
8101
8104
8104
8105
8106
8106
8106
8106
8106
8106
8106
8107
8107
8106
8106
8105
8105
8105
8104
8105
8105
8105
8105
8105
8106
8105
8105
8105
8101
8101
8101
8100
8100
8100
8101
8101
8102
8102
8102
8102
8102
8102
8102
8102
8102
8102
8103
8103
8102
8102
8101
8100
8101
8101
8101
8102
8102
8102
8102
8102
8102
[0;
8104
8104
8104
8105
8105
8106
8106
8106
8106
8106
8105
8105
8105
8105
8105
8105
8106
8106
8106
8106
8106
8106
8106
8106
8107
8107

8109
8109
8108
8108
8108
8107
8107
8107
8107
8107
8103
8103
8103
8103
8103
8103
8103
8103
8103
8103
8103
8103
8103
8102
8102
8102
8103
8103
8102
8102
8102
8102
8102
8102
8103
8103
8103
8103
8104
8104
8104
8104
8104
8104
8104
8104

8104
8104
8103
8100
8100
8101
8101
8102
8102
8102
8102
8101
8101
8100
8101
8101
8101
8102
8102
8102
8102
8102
8102
8103
8103
8103
8104
8104
8104
8104
8103
8103
8104
8104
8104
8104
8104
8105
8105
8105
810
8106
8107
8107
8105
8104
8104
8104
8104
8104
8102
8101
8101
8101
8101
8101
8101
8101
8102
8103
8102
8102
8102
8102
8102
8102
8102
8102
8102
8102
8102
8102
8102
8103
8103
8103
8103
8103
8104
8104
8104
8103
8107
8107
8106
8106
8105
8106
8105
8105
8105
8105
8105
8105
8104
8103
8102
8102
8102
8102
8102
8102
8103
8103
8103
8102
8102
8103
8103
8103
8104
8104
8104
8104
8105
[0;
8114
8114
8114
8115
8115
8115
8115
8115
8114
8115
8114
8114
8113
8113
8113
8113
8113
8113
8113
8113
8113
8111
8110
8109
8110
8110
8110
8111
8111
8111
8111
8108
8108
8108
8108
8109
8109
8109
8110
8110
8110
8109
8109
8109
8109
8109
8109
8109
8109
8109
8108
8107
8107
8107
8107
8107
8107
8107
8107
8107
8105
8104
8103
8103
8104
8104
8105
8105
8106
8106
8106
8106
8106
8105
8105
8106
8106
8106
8106
8107
8107
8106
8106
8105
8106
8106
8107
8107
8107
8107
8107
8105
8105
8105
8105
8105
8106
8106
2mI 
8108
8108
8108
8109
8109
8109
8110
8110
8110
8111
8111
8111
8111
8111
8111
8110
8110
8111
8111
8112
8112
8112
8112
8112
8112
8113
8113
8113
8113
8114
8114
8114
8114
8114
8113
8112
8112
8112
8112
8113
8113
8113
8112
8112
8112
8112
8112
8112
8112
8113
8113
8113
8113
8114
8115
8115
8115
8115
8116
8116
8116
8116
8115
8114
8114
8113
8114
8114
8114
8114
8114
8114
8114
8114
8115
8115
8115
8115
8115
8114
8114
8114
8114
8114
8114
8115
8116
8116
8117
8117
8116
8115
8115
8115
8115
8115
8116
8116
8116
8116
8117
8117
8117
8117
8117
8117
8117
8117
8117
8117
8117
8116
8116
8115
8115
8115
8112
8112
8110
8108
8107
8106
8107
8107
8107
8107
8108
8108
8108
8109
8109
8109
8109
8109
8110
8110
8109
8109
8108
8108
8108
8109
8109
8109
8109
8108
8108
8108
8108
8108
8108
8109
8109
8109
8110
8109
8112
8113
8113
8113
8113
8112
8110
8109
8108
8108
8109
8109
8110
8110
8110
8111
8111
8110
8110
8110
8110
8110
