8109
8109
8110
8110
8110
8109
8108
8109
8109
8109
8109
8110
8109
8116
8115
8115
8115
8115
8115
8115
8115
8115
8115
8115
8115
8115
8114
8112
8111
8111
8111
8111
8110
8110
8110
8110
8110
811o
8110
8110
8110
8111
8111
8111
8111
8111
8111
8111
8111
8111
8111
8111
8110
8110
8109
8108
8107
8105
8105
8105
8105
8105
8106
8103
8102
8103
8103
8102
8102
8102
8102
8103
8103
8103
8103
8104
8103
8103
8103
8103
8103
8103
8103
8102
8102
8101
8100
8099
8098
8097
8098
8098
8098
8098
8098
8098
8106
8106
8106
8106
8106
8106
8106
8106
8105
8105
8105
8105
8105
8104
8104
8104
8104
8104
8104
8104
8104
8105
8105
8105
8105
8105
8105
8104
8104
8104
8104
8104
8103
8102
8100
8101
8100
8101
8101
8101
8102
8102
8103
8103
8103
8104
8104
8104
8104
8103
8103
8103
8103
8102
8102
8102
8101
8102
8102
8102
8102
8102
8102
8102
8102
8102
8103
8102
8100
8100
8101
8101
8101
8101
8101
8101
8101
8101
8101
8101
8101
8101
8101
8101
8101
8101
8101
8101
8101
8101
8101
8102
8102
8102
8102
8102
8101
8101
8100
8101
8094
8094
8094
8094
8093
8094
8094
8095
8095
8095
8095
8095
8095
8095
8095
8095
8094
8094
8094
8094
8094
8095
8094
8094
8094
8094
8095
8095
8096
8096
8096
8096
8096
8096
8096
8096
8095
8095
8094
8094
8095
8095
8095
8096
8096
8096
8097
8097
8097
8097
8097
8097
8096
8096
8097
8097
8097
8098
8098
8098
8098
8098
8098
8098
8098
8098
8098
8098
8099
8099
8099
8098
8094
8095
8095
8095
8095
8094
8094
8094
8095
8095
8096
8096
8096
8096
8096
8096
8096
8096
8096
8097
8096
8097
8097
8098
8097
8096
8096
8096
8096
8096
8096
8097
8093
8093
8094
8094
8095
8095
8095
8095
8095
8095
8095
8095
8096
8096
8096
8096
8096
8096
8095
8095
8094
8095
8095
8095
8096
8096
8097
8097
8097
8097
8097
8097
8095
8094
8094
8095
8095
8095
8096
8096
8096
8096
8096
8097
8097
8096
8096
8096
8096
8097
8097
8097
8096
8096
8096
8096
8096
8097
8098
8098
8098
8097
8096
8095
8096
8096
8096
8096
8095
8094
8093
8093
8093
8094
8094
8095
8096
8096
8096
8096
8095
8095
8094
8093
8093
8094
8094
8094
809
8095
8095
8095
8095
8095
8095
8096
8096
8096
8096
8096
8102
8102
8102
8103
8102
8102
8102
8101
8101
8101
8101
8099
8098
8097
8097
8097
8097
8098
8098
8098
8099
8099
8099
8100
8100
8100
8099
8098
8098
8098
8098
8098
8099
8099
8099
8102
8101
8101
8101
8101
8101
8101
8101
8101
8101
8101
8101
8101
8102
8102
8103
8103
8104
8104
8104
8104
8104
8104
8103
8102
8102
8102
8102
8102
8102
8103
8103
8103
8103
8103
8103
8103
8103
8103
8103
8103
8102
8101
8099
8099
8098
8098
8099
8099
8100
8105
8104
8103
8103
8103
8104
8104
8104
8105
8104
8104
8104
8104
8104
8104
8104
8104
8105
8104
8104
8104
8104
8103
8103
8103
8103
8103
8100
8101
8101
8101
8102
8102
8102
8103
8102
8102
8101
8101
8101
8102
8102
8102
8102
8102
8102
8102
8102
8102
8102
8103
8103
8104
8105
8104
8104
8103
8103
8102
8100
8100
8100
8100
8100
8101
8101
8102
8102
8102
8102
8102
8102
8103
8103
8103
8103
8102
8101
8101
8101
8102
8102
8102
8102
8102
8103
8103
8103
8103
8103
8103
8104
8104
8103
8103
8102
8102
8105
8105
8105
8105
8105
8104
8103
8103
8103
8103
8103
8104
8104
8104
8105
8105
8105
8105
