8110
8110
8110
8110
8110
8110
8111
8111
8111
8111
8111
8111
8110
8110
8110
8110
8110
8110
8110
8110
8111
8111
8111
8110
8110
8110
8109
8109
8109
8109
8109
8109
8109
8109
8109
8110
8111
8111
8110
8111
8111
8111
8109
8109
8108
8109
8109
8109
8109
8109
8108
8108
8108
8108
8108
8108
8109
8109
8110
8110
8110
8110
8110
8110
8110
8110
8110
8110
8111
8111
8110
8110
8109
8109
8110
8110
8110
8111
8111
8111
8111
8111
8111
8112
8112
8111
8111
8112
8111
8111
8111
8111
8111
8111
8111
8111
8112
8112
8112
8112
8112
8112
8112
8113
8113
8113
8113
8113
8112
8111
8111
8111
8112
8112
8110
8110
8110
8109
8109
8109
8109
8109
8110
8110
8110
8111
8111
8111
8111
8111
8111
8112
8112
8112
8112
8111
8110
8109
8109
8110
8110
8111
8111
8111
8112
8112
8112
8113
8113
8113
8114
8108
8108
8108
8108
8109
8109
8109
8109
8110
8110
8110
8110
8109
8109
8109
8109
8109
8109
8109
8109
8109
8109
8109
8109
8110
8110
8109
8110
8109
8110
8109
8109
8108
8108
8108
8108
8109
8109
8110
8110
8111
8111
8111
8111
8110
8108
8108
8107
8107
8107
8107
8107
8108
8108
8108
8108
8108
8109
8109
8109
8110
8110
8110
8110
8110
8110
8111
8111
8111
8110
8110
8110
8112
8113
8113
8113
8113
8113
8113
8113
8111
8110
8109
8109
8108
8108
8108
8108
8108
8108
8108
8108
8109
8109
8109
8109
8110
8110
8111
8111
8111
8111
8111
8111
8113
8114
8113
8113
8113
8113
8113
8112
8112
8112
8111
8111
8111
8110
8109
8108
8108
8108
8108
8108
8108
8109
8109
8108
8109
8109
8109
8110
8109
8109
8109
8109
8109
8109
8109
8110
8111
8111
8111
8111
8111
8111
8112
8110
8109
8108
8107
8107
8106
8106
8107
8107
8107
8109
8109
8109
8109
8109
8110
8109
8109
8109
8109
8110
8110
8110
8109
8108
8
8108
8108
8108
8108
8107
8106
8106
8106
8106
8106
8112
8112
8113
8113
8113
8113
8113
8113
8112
8113
8112
8112
8112
8112
8112
8112
8112
8113
8113
8113
8113
8113
8111
8111
8111
8111
8111
8111
8111
8112
8112
8112
8112
8113
8113
8113
8113
8112
8111
8111
8111
8111
8111
8111
8111
8112
8112
8112
8113
8113
8113
8114
8112
8111
8110
8109
8113
8113
8113
8113
8113
8113
8113
8113
8113
8112
8111
8111
8110
8110
8111
8111
8112
8112
8112
8112
8111
8111
8111
8112
8112
8112
8112
8112
8111
8109
8109
8110
8111
8111
8111
8111
8111
8111
8111
8111
8112
8112
8112
8112
8111
8110
8110
8110
8110
8110
8111
8111
8111
8111
8111
8110
8110
8111
8111
8111
8112
8112
8112
8111
8111
8115
8115
8115
8114
8114
8114
8113
8113
8113
8113
8113
8114
8113
8114
8114
8114
8114
8114
8114
8115
8115
8115
8115
8115
8114
8114
8114
8115
8115
8115
8115
8115
8116
8117
8117
8117
8117
8117
8117
8117
8112
8112
8112
8112
8112
8112
8113
8113
8114
8114
8114
8114
8113
8113
8112
8112
8112
8112
8113
8113
8114
8114
8115
8115
8115
8115
8115
8115
8115
8115
8115
8115
8114
8114
8114
8114
8114
 811
8115
8114
8109
8108
8107
8107
8107
8107
8108
8108
8109
8108
8109
8110
8110
8111
8111
8112
8112
8112
8112
8112
8113
8113
8113
8113
8113
8113
8113
8113
8113
8113
8113
8113
8113
8113
8113
8113
8113
8113
8113
8113
8113
8113
8113
8112
8110
8109
8108
8107
8108
8108
8108
8109
8109
8110
8110
8110
8110
8111
8111
8111
8112
8112
8112
8112
8112
