8106
8108
8108
8108
8108
8109
8109
8110
8111
8111
8111
8111
8111
8111
8110
8110
8109
8109
8109
8109
8110
8110
8110
8109
8110
8110
8110
8110
8110
8110
8110
8110
8110
8109
8109
8109
8109
8110
8109
8109
8109
8109
8109
8109
8109
8109
8110
8110
8110
8111
8110
8110
8110
8110
8110
8110
8110
8109
8108
8108
8108
8108
8108
8108
8109
8109
8109
8109
8109
8109
8110
8110
8110
8111
8111
8111
8111
8108
8109
8110
8110
8110
8110
8111
8111
8111
8110
8110
8110
8110
8111
8111
8111
8112
8112
8112
8112
8112
8112
8112
8112
8113
8113
8113
8113
8113
8113
8112
8112
8112
8113
8112
8107
8106
8105
8105
8106
8106
8106
8107
8107
8107
8107
8107
8107
8107
8107
8108
8108
8108
8108
8107
8107
8108
8108
8108
8109
8109
8110
8110
8110
8110
8109
8109
8109
8109
8110
8110
8110
8110
8109
8109
8109
8109
8109
8109
8109
8109
8108
8107
8107
8107
8108
8108
8108
8108
8108
8107
8106
8106
8106
8106
8106
8106
8106
8107
8107
8107
8107
8108
8108
8108
;32m
8108
8109
8109
8109
8110
8109
8106
8105
8104
8104
8104
8104
8105
8105
8105
8105
8106
8106
8107
8107
8107
8108
8108
8108
8108
8111
8111
8112
8112
8112
8112
8112
8112
8111
8111
8111
8111
8111
8111
8111
8111
8111
8109
8108
8107
8106
8107
8107
8108
8108
8109
8109
8109
81
8110
8110
8109
8114
8114
8113
8113
8113
8113
8113
8114
8114
8114
8114
8114
8115
8115
8115
8115
8116
8116
8116
8116
8116
8116
8116
8116
8116
8115
8114
8113
8112
8113
8113
8114
8114
8115
8115
8115
8115
8115
8115
8116
8116
8116
8117
8116
8115
8114
8114
8114
8115
8115
8115
8115
8115
8115
8115
8115
8115
8116
8116
8115
8115
8115
8114
8114
8113
8113
8113
8110
8110
8110
8110
8110
8110
8110
8110
8110
8110
8111
8111
8111
8111
8111
8111
8110
8110
8110
8110
8110
8111
8110
8110
8111
8111
8111
8111
8111
8112
8112
8112
8112
8112
8113
8106
8106
8106
8106
8106
8107
8107
8107
8107
8107
8107
8107
8107
8107
8108
8108
8108
8108
8108
8108
8108
8108
8109
8109
8109
8109
8108
8107
8107
8106
8107
8107
8108
8108
8108
8108
8109
8109
8109
8109
8104
8104
8104
8104
8104
8104
8104
8105
8105
8105
8106
8106
8106
8105
8105
8105
8105
8104
8104
8104
8105
8105
8105
8106
8106
8106
8105
8105
8105
8105
8105
8105
8104
8104
8103
8103
8103
8103
8103
8104
8093
8092
8092
8092
8092
8092
8092
8093
8093
8093
8093
8093
8093
8093
8093
8093
8093
8094
8093
8094
8094
8093
8093
8092
8092
8092
8092
8092
8092
8092
8092
8092
8093
8092
8093
8093
8093
8093
8093
8094
8095
8094
8094
8092
8091
8091
8091
8091
8091
8091
8092
8092
8092
8093
8094
8094
8094
8094
8094
8093
8092
8092
8092
8093
8093
8094
8095
8095
8095
8095
8096
8096
8097
8102
8102
8102
8101
8100
8100
8100
8100
8098
8097
8097
8097
8098
8098
8099
8099
8100
8100
8100
8100
8100
8100
8100
8099
8099
8099
8099
8099
8099
8099
8100
8100
8100
8100
8100
8107
8107
8107
8108
8108
8108
8109
8109
8110
8110
8110
8109
8109
8109
8109
8108
8107
8106
8105
8105
8106
8106
8106
8106
8106
8107
8107
8107
8107
8107
8107
8106
8106
8106
8106
8109
8109
8109
8110
8110
8111
8112
8112
8112
8112
8112
8112
8113
8113
8113
8114
8114
8114
8113
8112
8112
8112
8112
8110
8109
8109
8109
8109
8109
8109
8109
8110
8110
8110
alue
