8113
8113
8111
8110
8109
8109
8109
8106
8106
8106
8106
8106
8106
8106
8107
8107
8108
8108
8108
8108
8108
8109
8109
8109
8109
8109
8108
8108
8108
8108
8108
8108
8108
8108
8108
8108
8106
8106
8105
8105
8105
8105
8109
8109
8109
8109
8110
8110
8110
8110
8111
8111
8111
8112
8111
8111
8110
8110
8110
8110
8110
8110
8111
8111
8111
8111
8111
8111
8111
8111
8107
8107
8106
8107
8107
8107
8108
8107
8107
8107
8107
8107
8108
8108
8108
8108
8108
8108
8108
8108
8108
8108
8107
8108
8107
8108
8108
8108
8108
8108
8109
8109
8109
8110
8110
8111
8111
8111
8107
8108
8107
8108
8108
8109
8108
8108
8108
8108
8108
8108
8108
8109
8108
8108
8107
8107
8108
8108
8107
8107

8107
8107
8107
8107
8107
8108
8108
8108
8109
8109
8110
8107
8107
8107
8107
8107
8107
8107
8107
8107
8107
8108
8108
8108
8109
8109
8109
8109
8109
8109
8109
8108
8108
8107
8107
8107
8107
8107
8108
8108
8108
8108
8109
8109
8110
8111
8111
8112
8111
8111
8104
8104
8105
8106
8106
8107
8107
8107
8107
8106
8105
8105
8105
8105
8106
8106
8106
8106
8107
8107
8107
8107
8107
8108
8108
8109
8109
8110
8109
8108
8108
8108
8108
8108
8108
8
8109
8109
8112
8112
8111
8111
8111
8111
8109
8108
8107
8107
8107
8107
8108
8108
8108
8109
8109
8109
8110
8110
8109
8109
8108
8109
8109
8109
8109
8109
8110
8110
8110
8109
8110
8110
8111
8111
8111
8112
8112
8110
8110
8110
8110
8109
8109
8108
8108
8107
8107
8107
8106
8104
8103
8103
8103
8103
8104
8104
8105
8105
8105
8105
8105
8105
8105
8105
8104
8105
8105
8105
8105
8105
8106
8106
8106
8107
8107
8107
8107
8108
8108
8108
8108
8108
8109
8109
8109
8109
8108
8107
8107
8106
8107
8106
8105
8105
8104
8105
8105
8105
8106
 810
8107
8109
8109
8109
8109
8109
8109
8109
8108
8108
8108
8108
8107
8107
8107
8107
8107
8107
8107
8107
8107
8107
8107
8106
8105
8105
8105
8104
8108
8108
8109
8109
8108
8108
8108
8108
8108
8109
8109
8109
8109
8109
8109
8109
8109
8109
8109
8109
8110
8110
8111
8110
8111
8111
8111
8111
8110
8110
8110
8109
8108
8109
8108
8108
8113
8113
8112
8112
8111
8111
8112
8112
8113
8112
8112
8112
8112
8112
8112
8113
8113
8113
8113
8113
8113
8113
8112
8112
8112
8111
8111
8112
8111
8112
8111
8112
8112
8112
8112
8113
8109
8108
8108
8108
8109
8109
8109
8109
8110
8110
8111
8111
8111
8110
8110
8111
8110
8110
8110
8110
8110
8110
8110
8110
8110
8110
8110
8110
8110
8109
8109
8109
8108
8108
8106
8107
8107
8107
8107
8108
8108
8108
8108
8108
8107
8107
8107
8107
8107
8107
8108
8108
8109
8109
8109
8109
8109
8109
8108
8109
8109
8109
8109
8108
8108
8109
8109
8106
8106
8107
8107
8107
8107
8107
8107
8107
8108
8108
8109
8109
8109
8109
8109
8109
8108
8107
8108
8108
8109
8110
8110
8111
8111
8111
8110
8111
8111
8111
8112
8111
8111
8112
8111
8110
8109
8109
8109
8109
8109
8108
8108
8108
8108
8108
8108
8108
8109
8108
8109
8109
8109
8110
8110
8110
8111
8111
8111
8112
8111
8110
8110
8109
8109
8110
8110
8110
8110
8110
8110
8110
8110
8110
8110
8110
8108
8107
8107
8107
8105
8104
8103
8103
8103
8103
8103
8104
8104
8104
8104
8104
8103
8103
8103
8103
8103
8103
8103
8103
8103
8103
8103
8103
8103
8103
8103
8103
8103
8104
8103
