8104
8104
8104
8107
8107
8107
8107
8106
8106
8105
8105
8105
8106
8106
8106
8106
8106
8106
8106
8106
8106
8107
8107
8106
8104
8102
8102
8101
8101
8101
8102
8102
8102
8103
8104
8104
8105
8107
8107
8107
8107
8108
8107
8107
8108
8108
8108
8108
8108
8108
8108
8109
8109
8109
8109
8108
8107
8107
8107
8107
8107
8107
8105
8104
8108
8108
8109
8109
8110
8110
8109
8108
8108
8108
8107
8108
8108
8108
8109
8109
8109
8109
8109
8109
8109
8109
8109
8109
8109
8109
8108
8108
8108
8108
8108
8108
8107
8105
8105
8104
8104
8105
8105
8106
8106
8107
8107
8106
8106
8106
8106
8105
8105
8105
8104
8104
8104
8104
8104
8105
8105
8104
8105
8105
8104
8104
8104
8105
8105
8105
8105
8105
8104
8104
8104
8104
8104
8105
8105
8105
8105
8105
8104
8103
8103
8103
8103
8103
8103
8103
8103
8103
8103
8104
8103
8104
8104
8104
8104
8104
8105
8105
8104
8103
8102
8103
0: C
8102
8102
8101
8101
8101
8101
8101
8102
8102
8103
8104
8104
8104
8105
8105
8105
8105
8105
8106
8106
8105
8104
8104
8104
8104
8104
8104
8105
8106
8103
8103
8103
8103
8103
8104
8104
8104
8104
8104
8105
8105
8105
8105
8104
8103
8103
8103
8103
8103
8103
8104
8104
8104
8105
8105
8105
8105
8106
8106
8107
8107
8106
8106
8105
8105
8104
8104
8104
8104
8104
8105
8105
8105
8106
8106
8106
8105
8106
8106
8106
8107
8107
8107
8106
8105
8105
8105
8105
8106
8106
8106
8106
8107
8107
8107
8107
8107
8107
8107
8107
8107
8105
8105
8104
8103
8102
8101
8100
8100
8100
8100
8100
8100
8100
8101
8100
8100
8100
8100
8100
8101
8102
8102
8102
8103
8102
8102
8102
8102
8103
8102
8103
8103
8103
8104
8103
8105
8105
8106
8106
8106
8105
8104
8102
8101
8101
8102
8102
8102
8102
8102
8102
8103
8102
8102
8102
8102
8102
8102
8102
8102
8102
8102
8102
8103
8103
8103
8103
8103
8104
8104
8104
8104
8104
8104
8104
8103
8103
8103
8103
8103
8102
8101
8099
8099
8098
8098
8099
8099
8100
8101
8101
8101
8102
8102
8102
8101
8101
8105
8104
8105
8105
8105
8105
8106
8106
8106
8106
8106
8107
8107
8107
8108
8108
8107
8105
8104
8103
8103
8103
8104
8104
8105
8105
8105
8106
8106
8107
8107
8107
8107
8107
8108
8107
8107
8107
8108
8108
8108
8108
8108
8108
8108
8108
8108
8108
8108
8107
8108
8107
8107
8107
8107
8106
8105
 810
8104
8106
8107
8107
8107
8107
8107
8106
8105
8105
8105
8105
8106
8107
8107
8107
8107
8108
8108
8108
8107
8107
8107
8107
8107
8106
8104
8108
8107
8107
8107
8107
8107
8108
8108
8109
8109
8109
8109
8109
8109
8109
8109
8109
8109
8109
8108
8108
8107
8107
8107
8107
8107
1490
8108
8108
8109
8109
8110
8110
8110
8109
8108
8108
8108
8108
8108
8108
8108
8108
8108
8108
8108
8108
8108
8109
8109
8109
8110
8110
8110
8109
8109
8109
8109
8109
8109
8108
ot_h
8103
8103
8103
8103
8104
8104
8104
8104
8104
8104
8104
8104
8104
8104
8104
8104
8103
8103
8103
8103
8103
8103
8103
8104
8104
8105
8105
8105
8104
8103
8103
8104
8103
8103
8103
8102
8101
8102
8101
8102
8102
8102
8102
8102
8102
8102
8101
8101
8101
8102
8102
8101
8102
8102
8102
8102
8103
8103
8104
8104
8104
8104
8104
8104
8104
8104
8104
8104
8102
8102
8102
8102
8101
8101
8101
8101
8101
8102
8103
8103
8103
8103
8103
8103
8103
8104
8105
8105
