8114
8114
8114
8114
8113
8111
8109
8108
8108
8108
8109
8109
8110
8110
8111
8111
8111
8112
8112
8112
8113
8113
8113
8113
8112
8111
8110
8110
8110
8111
8111
8112
8112
8112
8112
8111
8111
8110
8110
8110
8111
8111
8111
8110
8109
8108
8108
8108
8108
8109
8109
8109
8110
8108
8108
8108
8108
8109
8109
8109
8109
8109
8109
8109
8109
8109
8110
8110
8111
8111
8111
8111
8111
8109
8107
8105
8104
8105
8108
8107
8107
8108
8108
8108
8108
8109
8109
8109
8109
8109
8109
8109
8108
8108
8108
8108
8108
8108
8109
8109
8108
8106
8106
8105
8106
8106
8106
8105
8105
8105
8106
8106
8106
8106
8107
8107
8107
8107
8107
8107
8107
8107
8108
8108
8108
8108
8107
8106
8106
8106
8110
8109
8109
8109
8109
8110
8110
8110
8111
8111
8110
8110
8109
8110
8110
8110
8110
8110
8111
8111
8111
8111
8111
8112
8112
8112
8112
8112
8112
8112
8111
8111
8111
8111
8112
8112
8107
8107
8107
8107
8107
8108
8108
8108
8109
8109
8109
8109
8109
8109
8109
8109
8109
8109
8108
8108
8107
8108
8108
8109
8109
8109
8109
8109
8109
8109
8109
8109
8109
8109
8110
8110
8110
8109
8108
8108
8108
8109
8108
8108
8108
8108
8108
8108
8108
8109
8109
8109
8110
8110
8110
8110
8110
8110
8110
8110
8111
8111
8112
8112
8112
8111
8111
8111
8111
8112
8112
8113
8113
8112
8112
8112
8112
8112
8104
8104
8104
8104
8104
8105
8105
8106
8106
8107
8107
8107
8107
8107
8106
8105
8105
8105
8104
8105
8105
8105
8105
8105
8105
8105
8106
8106
8106
8106
8105
8105
8105
8104
8104
8103
8104
8106
8106
8106
8107
8107
8107
8107
8106
8104
8102
8102
8102
8103
8103
8103
8104
8104
8104
8104
8104
8105
8105
8105
8105
8105
8104
8104
8
8105
8105
8106
8107
8107
8107
8108
8108
8108
8108
8108
8112
8111
8111
8111
8111
8111
8111
8111
8111
8112
8112
8111
8109
8107
8107
8107
8108
8108
8109
8110
8110
8111
8111
8111
8111
8111
8111
8111
8111
8110
8110
8110
8110
8111
8111
8111
8111
8111
8111
8111
8112
8112
8112
8112
8112
8112
8112
8112
8111
8111
8112
8112
8112
8112
8110
8108
8107
8108
81
8108
8108
8108
8109
8108
8109
8109
8109
8109
8109
8109
8111
8110
8111
8111
8111
8111
8112
8112
8112
8112
8113
8113
8113
8111
8111
8110
8110
8110
8111
8111
8111
8112
8112
8112
8111
8110
8110
8115
8115
8115
8115
8114
8115
8115
8115
8115
8115
8115
8115
8116
8116
8116
8116
8116
8117
8116
8116
8115
8115
8115
8115
8115
8115
8115
8116
8116
8116
8115
8113
8112
811)
8112
8112
8112
8112
8112
8113
8112
8112
8112
8112
8112
8112
8112
8112
8112
8112
8112
8112
8112
8113
8113
8113
8113
8113
8113
8113
811

8113
8112
8112
8112
8112
8112
8113
8113
8113
8113
8113
8113
8113
8114
8114
8115
8115
8115
8115
8115
8115
8114
8114
8114
8114
8114
8115
8115
8115
8115
8115
8115
8115
8115
8115
8115
8113
8114
8114
8115
8115
8116
8116
8117
8117
8117
8118
8118
8118
8118
8118
8117
8117
8117
8116
8116
8116
8116
8116
8116
8117
8117
8117
8118
8117
8117
8117
8117
8116
8117
8116
8116
8116
8116
8116
8117
8117
8116
8116
8115
8115
8115
8116
8116
8117
8117
8118
8118
8119
8119
8119
8119
8119
8120
8120
8120
8120
8119
8118
8118
8116
8116
8116
8116
8116
8115
8115
8115
8115
8115
8116
8116
8116
8117
8117
8117
8117
8118
8118
8118
8117
8117
