8108
8108
8108
8108
8108
8107
8107
8107
8108
8108
8108
8108
8109
8109
8109
8110
8110
8110
8111
8111
8111
8111
8111
8110
8110
8109
8109
8109
8109
8109
8109
8110
8110
8110
8110
8110
8110
8108
8108
8107
8107
8107
8106
8107
8106
8107
8107
8108
8108
8109
8109
8109
8109
8109
8109
8110
8110
8109
8109
8109
8109
8109
8109
8110
8109
8109
8109
8108
8107
8107
8107
8107
8107
8108
8108
8109
8109
8110
8110
8110
8110
8111
8111
8111
8111
8110
8110
8110
8110
8110
8111
8111
8111
8111
8111
8111
8111
8112
8112
8111
8111
8112
8111
8109
8108
8107
8107
8107
8108
8108
8108
8108
8107
8107
8107
8107
8108
8108
8109
8109
8109
8110
8110
8110
8111
8111
8112
8112
8112
8112
8111
8111
8111
8111
8111
8111
8111
8109
8107
8105
8104
8105
8105
8105
8106
8106
8106
8106
8107
8107
8107
8107
8107
8107
8107
8107
8106
8106
8106
8107
8107
8107
8108
8108
8108
8109
8108
8107
8105
8104
8104
8104
8105
8105
8105
8105
8105
8105
8105
8106
8106
8106
8107
8108
8108
8109
8108
8108
8109
8109
8109
8109
8109
8109
8110
8110
8108
8106
8105
8104

8104
8104
8104
8105
8105
8105
8105
8105
8105
8105
8106
8109
8110
8109
8109
8108
8108
8107
8108
8108
8108
8108
8109
8109
8108
8108
810
8105
8104
8103
8103
8104
8105
8105
8105
8104
8104
8104
8106
8106
8107
8106
8106
8106
8106
8106
8107
8107
8107
8107
8108
8107
8107
8
8107
8107
8106
8103
8102
8101
8101
8101
8102
8102
8102
8103
8103
8103
8103
8102
8102
8102
8102
8102
8103
8103
8103
8103
8103
8103
8103
8103
8104
8104
8104
8104
8104
8105
81
8104
8103
8100
8098
8097
8097
8097
8097
8098
8099
8100
8102
8103
8103
8103
8104
8104
8103
8104
8104
8104
8104
8104
8104
8104
8104
8104
8104
8104
8104
8104
8104
8104
8104
8104
8104
8105
8106
8106
8106
8107
8106
8106
8105
8105
8105
8105
8105
8106
8106
8107
8107
8107
8107
8107
8107
8107
8107
8107
8108
8107
8107
8107
8107
8107
8107
8107
8108
81
8108
8108
8109
8109
8109
8109
8109
8110
8110
8110
8110
8111
8111
8111
8111
8110
8110
8109
8109
8110
8109
8109
8109
8109
8110
8111
8111
8111
8111
8111
8111
8111
8111
8111
8111
8111
8110
8110
8110
8110
8109
8108
8107
8107
8107
8107
8108
8109
8109
8110
8111
8111
8111
8110
8111
8111
8111
8111
8111
8112
8111
8110
8110
8111
8111
8111
8111
8112
8112
8112
8112
8112
8112
8112
8113
8112
8107
8108
8108
8109
8109
8109
8109
8110
8110
8111
8111
8111
8111
8111
8111
8110
8110
8109
8109
8109
8110
8110
8110
8110
8110
8110
8110
8110
8111
8111
8104
8105
8104
8104
8104
8104
8104
8104
8104
8104
8105
8105
8105
8105
8105
8105
8105
8105
8106
8106
8106
8107
8106
8106
8105
8105
8104
8104
8104
8105
8105
8106
8106
8106
8106
8106
8106
8106
8106
8106
8106
8104
8102
8101
8100
8100
8100
8100
8101
8101
8102
8102
8102
8103
8104
8104
8105
8105
8105
8105
8105
8105
8105
8106
8106
8106
8106
8107
8107
8107
8108
8108
81, 
8106
8107
8107
8107
8107
8106
8104
8103
8103
8103
8103
8104
8104
8104
8104
8104
8103
8104
8104
8104
8104
8104
8104
8105
8105
8105
8105
8110
8110
8110
8110
8110
8110
8110
8111
8111
8111
8111
8110
8109
8108
8106
8106
8106
8105
8105
8105
8106
8106
8106
8107
8107
8107
8108
8108
8108
8108
8108
8108
8109
8109
8109
