8104
8104
8104
8104
8104
8104
8104
8104
8105
8105
8105
8105
8105
8104
8103
8103
8102
8102
8103
8103
8104
8104
8104
8103
8103
8104
8104
8104
8109
8108
8108
8108
8108
8108
8108
8109
8109
8110
8111
8111
8112
8112
8112
8112
8112
8112
8112
8112
8111
8111
8111
8111
8111
8112
8112
8111
8110
8109
8109
8109
8109
8110
8110
8110
8110
8110
8110
8110
8110
8111
8111
8110
8109
8109
8109
8109
8109
8110
8110
8110
8110
8111
8110
8110
8110
8110
8110
8110
8110
8109
8109
8109
8108
8108
8108
8108
8109
8109
8109
8108
8111
8112
8112
8112
8112
8112
8112
8112
8112
8112
8112
8112
8112
8112
8112
8111
8111
8111
8111
8111
8111
8111
8112
8112
8112
8113
8112
8112
8112
8113
8113
8113
8113
8112
8111
8110
8110
8109
8109
8108
8108
8107
8108
8108
8108
8109
8109
8109
8109
8109
8109
8110
8110
8110
8110
8111
8111
8111
8111
8110
8110
8110
8110
8110
8111
8111
8111
8111
8111
8112
8112
8113
8113
8113
8113
8113
8113
8114
8110
8110
8110
8111
8111
8111
8111
8111
8111
8112
8111
8110
8110
8110
8111
8111
8112
8112
8113
8113
8114
8114
8114
8114
8114
8114
8114
8114
8114
8114
8113
8113
8113
8112
8113
8113
8114
8113
8113
8114
8114
8109
8108
8108
8108
8108
8108
8109
8109
8109
8109
8109
8109
8110
8110
8110
8110
8110
8110
8110
8109
8108
8108
8108
8108
8108
8109
8109
8109
8109
8109
8109
8109
8109
8109
8109
8109
8109
8110
8110
8111
8111
8111
8111
8110
8108
8106
8106
8106
8107
8108
8108
8109
8109
8109
8109
8109
8109
8109
8109
8108
8108
8109
8109
8110
8109
8109
8109
8109
8109
8109
8110
8110
8110
8110
8111
8111
8110
8110
8111
8111
8111
8111
8112
8112
8110
8109
8109
8109
8108
8108
8109
8109
8110
8110
8110
8109
8109
8109
8108
810
8109
8109
8110
8112
8113
8113
8113
8113
8113
8113
8113
8112
8112
8112
8112
8112
8112
8112
8112
8110
8109
8109
8109
8109
8109
8109
8110
8110
8110
8110
8110
8109
8110
8114
8115
8115
8116
8116
8116
8116
8116
8117
8117
8116
8117
8117
8117
8117
8117
8116
8116
8116
8116
8116
8116
8116
8114
8113
8113
8112
8112
8112
8113
8113
8113
8114
8114
8114
8112
8113
8113
8113
8112
8112
8112
8112
8112
8112
8112
8112
8112
8113
8113
8113
8113
8113
8113
8113
8113
8113
8113
8112
8112
811
8112
8112
8112
8112
8111
8109
8108
8107
8107
8107
8109
8110
8110
8110
8110
8110
8111
8111
8111
8111
8112
8111
8111
8111
8111
8111
8111
8111
8111
8111
8111
8112
8112
8112
8112
8112
8112
8113
8112
8112
8112
8112
8111
 811
8110
8111
8111
8110
8110
8110
8110
8110
8110
8110
8111
8111
8111
8111
8111
8111
8111
8112
8112
8112
8111
8110
8109
8109
8109
8109
8109
8109
8110
8110
8111
8111
8111
8112
8112
8112
8112
8112
8112
8112
8111
8109
8110
8110
8110
8111
8111
8112
8112
8112
8112
8113
8113
8113
8113
8112
8112
8112
8112
8113
8113
8113
8114
8114
8114
8114
8114
8114
8114
8115
8115
8114
8114
8114
8114
8111
8111
8111
8111
8111
8111
8110
8110
8110
8110
8111
8111
8111
8112
8112
8112
8112
8112
8112
8112
8112
8112
8112
8111
8111
8111
8111
8111
8111
8112
8106
8107
8107
8107
8107
8107
8107
8107
8107
8107
8107
8107
8107
8106
8106
8106
8106
8107
8107
8107
8107
8107
8107
8107
8107
8107
8107
8107
8107
8107
8108
8108
8108
8107
8107
8107
8107
8107
