8108
8108
8109
8109
8110
8110
8110
8110
8110
8107
8105
8105
8105
8105
8106
8106
8106
8106
8107
8107
8107
8107
8107
8107
8107
8107
8106
8106
8106
8106
8106
8106
8107
8107
8108
8108
8109
8110
8110
8110
8110
8110
8111
8110
8108
8108
8107
8107
8107
8107
8107
8106
8106
8106
8106
8106
8107
8107
8107
8107
8108
8108
8108
8109
8109
8109
8109
8109
8109
8109
8108
8108
8111
8111
8111
8111
8110
8109
8108
8107
8106
8107
8107
8107
8108
8108
8109
8109
8109
8109
8110
8110
8110
8109
8109
8108
8108
8108
8109
8109
8110
5349
8113
8113
8113
8114
8114
8114
8115
8114
8113
8112
8111
8111
8111
8111
8111
8110
8110
8110
8110
8110
8111
8111
8111
8112
8112
8112
8112
8mI 
8113
8113
8113
8113
8113
8113
8113
8113
8113
8112
8112
8111
8109
8108
8107
8107
8108
8108
8109
8109
8109
8109
8109
8109
8109
8109
8109
8111
8112
8112
8112
8111
8111
8110
8111
8111
8111
8111
8111
8111
8112
8112
8111
8110
8109
8108
8109
8109
8109
8108
8107
8108
8108
8108
8110
8110
8110
8110
8110
8110
8110
8110
8111
8111
8111
8111
8111
8111
8112
8111
8111
8111
8110
8108
8107
8106
8107
8107
8107
8108
8109
8111
8111
8111
8111
8111
8111
8111
8111
8111
8111
8110
8110
8110
8110
8110
8110
8110
8110
8110
8110
8110
8110
8108
8107
8106
8106
8107
8107
8107
8107
8107
8107
8107
8106
8106
8106
8107
8107
8107
8107
8107
8107
8107
8107
8108
8108
8108
8108
8108
8107
8107
8106
8106
8106
8106
8106
8106
8106
8105
8105
8105
8105
8105
8104
8104
8103
8103
8104
8104
8104
8104
8104
8104
8104
8104
8104
8104
8105
8105
8105
8105
8105
8104
8104
8104
8103
8101
8102
8101
8102
8102
8102
8102
8103
8103
8103
8103
8103
8104
8104
8104
8103
8104
8104
8105
8105
8104
8104
8105
8105
8105
8105
8105
8105
8105
8105
8105
8105
8105
8105
8104
8105
8100
8101
8101
8102
8102
8102
8101
8101
8100
8101
8101
8101
8101
8101
8101
8101
8101
8101
8102
8102
8102
8102
8102
8103
8102
8102
8101
8101
8101
8100
8100
8101
8101
8101
8101
8101
ywel
8097
8097
8097
8098
8098
8098
8098
8098
8098
8099
8099
8099
8100
8100
8099
8098
8098
8098
8098
8099
8099
8100
8100
8100
8100
8099
8100
8099
8099
8100
8100
8100
8100
8101
8101
8101
8101
8101
8101
8101
8102
8102
8102
8102
8102
8102
8102
8102
8102
8103
8102
8102
8102
8102
8103
8103
8104
8104
8104
8104
8105
8105
8105
8104
8104
8104
8104
8104
8104

8104
8104
8105
8105
8105
8105
8106
8106
8106
8106
8106
8106
8106
8106
8105
8104
8104
8104
8104
8104
8104
8103
8101
8100
8099
8100
8100
8100
8101
8101
8
8100
8101
8101
8100
8100
8100
8100
8101
8103
8103
8104
8103
8103
8104
8104
8104
8103
8103
8101
8100
8099
8099
8099
8100
8100
8101
8101
8101
8101
8101
8101
8101
8102
8102
8103
8104
8104
8104
8105
8105
8106
8107
8107
8107
8107
8107
8107
8107
8107
8107
8106
8104
8103
8103
8102
8102
8102
8102
8103
8104
8105
8105
8105
8106
8106
8106
8107
8110
8110
8110
8109
8109
8109
8109
8109
8109
8108
8109
8109
8108
8108
8108
8108
8109
8109
8109
8108
8108
8108
8107
8107
8107
8107
8106
8103
8102
8101
8107
8107
8108
8108
8109
8109
8109
8109
8109
8109
8109
8109
8109
8108
8108
8108
8107
8107
8107
8107
8107
8106
8107
8107
8108
8108
8109
8109
8108
8109
8109
8109
