8096
8095
8095
8095
8096
8096
8096
8096
8096
8096
8096
8096
8096
8096
8093
8093
8093
8093
8093
8092
8092
8091
8090
8091
8091
8091
8091
8092
8092
8092
8092
8092
8091
8091
8091
8091
8092
8092
8093
8093
8093
8093
8093
8094
8094
8093
8094
8094
8094
8094
8094
8093
8093
8093
8096
8096
8097
8097
8096
8096
8096
8096
8096
8095
8093
8092
8092
8092
8093
8093
8093
8094
8093
8094
8094
8094
8094
8093
8093
8093
8093
8093
8093
8094
8094
8098
8098
8098
8098
8098
8100
8100
8101
8101
8101
8100
8100
8100
8098
8097
8096
8095
8095
8095
8095
8095
8095
8096
8096
8096
8096
8098
8098
8097
8097
8096
8095
8096
8096
8096
8096
8096
8096
8096
8096
8096
8096
8096
8096
8096
8096
8094
8092
8092
8091
8091
8091
8091
8092
8092
8092
8093
8094
8094
8094
8095
8095
8095
8095
8096
8096
8096
8095
8095
8095
8095
8096
8096
8096
8097
8097
8097
8097
8096
8096
8095
8095
8095
8095
8095
8094
8093
8092
8094
8094
8095
8095
8095
8095
8094
8094
8094
8094
8093
8093
8094
8094
8095
8095
8095
8095
8095
8095
8096
8095
8096
8096
8096
8096
8096
8096
8096
8096
8096
8094
8092
8092
8092
8100
8100
8101
8101
8101
8102
8102
8103
8103
8103
8104
8103
8103
8102
8102
8102
8102
8102
8103
8103
8104
8104
8104
8105
8105
8105
8105
8106
8106
8106
8106
8105
8105
8105
8105
8108
8107
8107
8107
8106
8106
8107
8107
8107
8107
8107
8107
8108
8108
8108
8108
8108
8108
8108
8108
8107
8107
8106
8106
8106
8106
8107
8107
8107
8107
8107
8107
8107
8108
8108
8108
8108
8103
8103
8103
8104
8104
8104
8105
8105
8105
8105
8104
8104
8104
8104
8104
8105
8105
8105
8105
8106
8106
8106
8106
8106
8106
8107
8107
8107
8106
8106
8106
8106
8106
8106
8105
8105
8105
8105
8105
8104
8104
8104
8104
8103
8103
8103
8103
8103
8103
8104
8104
8104
8104
8104
8104
8104
8104
8104
8104
8104
8104
8104
8103
8103
8103
8103
8103
81
8104
8104
8104
8104
8104
8104
8105
8105
8106
8106
8106
8107
8106
8106
8106
8106
8106
8107
8107
8107
8107
8107
8108
8108
8108
8108
8108
8107
8107
8108
8107
8108
8107
8107
8106
8106
8106
8106
 (96
8106
8105
8105
8105
8105
8104
8103
8102
8102
8101
8102
8101
8102
8102
8102
8102
8103
8103
8104
8104
8103
8103
8102
8102
8102
8103
8103
8103
8103
8103
8103
8103
8104
8104
8104
8104
 810
8105
8106
8105
8106
8106
8106
8107
8107
8106
8106
8107
8106
8105
8104
8104
8103
8103
8103

8104
8104
8105
8105
8105
8106
8106
8106
8107
8109
8108
8108
8108
8108
8108
8109
8109
8109
8109
8109
8109
8110
8110
8110
8111
8111
8111
8111
8111
8110
8108
8107
8106
8105
8106
8108
8109
8109
8109
8109
8109
8110
8110
8110
8110
8110
8110
8109
8108
8108
8108
8108
8108
8107
8107
8107
8106
8106
8105
8104
8105
7173
8109
8109
8109
8110
8110
8110
8109
8109
8108
8109
8109
8109
8109
8110
8110
8110
8110
8110
8110
8110
8110
8110
8111
8110
8106
8105
8105
8105
8105
8106
8106
8106
8106
8105
8105
8106
8106
8106
8105
8105
8104
8104
8104
8104
8105
8105
8106
8106
8106
8106
8107
8107
8107
8107
8107
8107
8106
8104
8102
8101
8104
8103
8102
8101
8101
8101
8101
8101
8102
8102
8102
8102
8103
8103
8103
8103
8103
8103
8104
8104
8104
8103
8103
8102
8102
8102
8102
8102
8103
8103
8103
8103
8102
8103
8103
