8101
8101
8101
8101
8100
8100
8100
8100
8100
8100
8106
8105
8105
8105
8105
8105
8105
8105
8103
8102
8101
8101
8101
8101
8101
8101
8101
8102
8102
8102
8102
8101
8101
8102
8101
8102
8101
8101
8101
8102
8105
8105
8106
8106
8106
8107
8107
8107
8107
8106
8106
8105
8105
8105
8106
8106
8106
8105
8104
8103
8102
8102
8102
8103
8103
8103
8103
8103
8103
8103
8103
8103
8103
8103
8103
8106
8106
8106
8106
8106
8106
8106
8106
8107
8107
8107
8108
8108
8108
8108
8108
8107
8107
8107
8106
8106
8107
8106
8107
8106
8105
8103
8103
8103
8103
8104
8104
8105
8105
8rr:
8106
8106
8106
8106
8106
8106
8106
8106
8106
8106
8106
8106
8106
8105
8105
8105
8105
8106
8106
8106
8106
8107
8107
8107
8104
8104
8104
8104
8104
8104
8104
8104
8104
8104
8104
8104
8104
8104
8104
8104
8103
8103
8103
8102
8102
8102
8101
8101
8101
8102
8102
8102
8102
8102
8103
8103
8103
8103
8104
8102
8103
8103
8103
8103
8104
8104
8105
8105
8105
8105
8105
8104
8104
8103
8103
8103
8103
8103
8104
8104
8104
8104
8104
8105
8104
8104
8105
8104
8104
8104
8105
8104
8102
8102
8102
8102
8103
8103
8103
8103
8103
8103
8104
8104
8104
8103
8104
8104
8104
8104
8103
8103
8102
8102
8102
8102
8102
8103
8103
8103
8103
8103
8104
8104
8104
8105
8105
8104
870 
8102
8102
8103
8103
8103
8103
8103
8102
8102
8101
8102
8102
8102
8103
8103
8103
8104
8104
8105
8104
8104
8104
8105
8105
8105
8105
8105
8104
8104
8104
8104
8105
8105
8105
8105
8104
8105
8104
8105
8104
8098
8099
8099
8100
8100
8101
8101
8101
8102
8101
8101
8102
8102
8102
8102
8101
8101
8101
8101
8102
8102
8102
8103
8102
8102
8102
8102
8102
8102
8103
8103
8103
8103
8103
8102
8101
8102
8102
8101
8101
8103
8102
8103
8102
8100
8099
8098
8097
8097
8097
8097
8097
8098
8098
8099
8099
8100
8100
8100
8101
8101
8101
8101
8101
8101
8101
8100
8100
8100
8100
8100
8101
8101
8101
8101
8101
8102
8101
8102
8101
8101
8101
8101
8101
8102
8102
8102
8102
8102
8100
8098
8097
8096
8096
8096
8097
8097
8097
8097
8097
8098
8098
8
8099
8099
8099
8099
8099
8100
8099
8099
8099
8099
8099
8102
8102
8102
8102
8102
8102
8102
8102
8102
8102
8102
8102
8102
8102
8102
8102
8103
8103
8103
8103
8102
8101
8099
8098
8098
8099
8099
8100
8100
8100
8101
8101
8102
8102
8102
8102
8101
8102
8102
8101
8101
8100
8100
8100
8100
8100
8100
8100
8101
8101
8101
8101
8102
8102
8101
8101
8101
8101
8100
8098
8097
8096
8096
8097
8097
8099
8100
8099
8099
8099
8099
8099
8099
8098
8099
8099
8099
8100
8100
8100
8100
8100
8100
8100
8101
8101
8101
8100
8101
8101
8101
8102
8102
8102
8101
8101
8102
8102
8102
8102
8101
8100
8100
8100
8100
8100
8100
8100
8101
8101
8102
8102
8102
8102
8102
8101
8102
8102
8102
8102
8101
8101
8101
8101
8099
8099
8100
8100
8101
8101
8101
8101
8101
8102
8102
8102
8103
8103
8103
8103
8103
8102
8102
8101
8101
8102
8102
8103
8103
8102
8102
8102
8102
8102
8102
8102
8102
8102
8102
8102
8102
8101
8101
8103
8103
8103
8103
8103
8103
8102
8102
8102
8102
8102
8102
8102
8102
8103
8103
8103
8103
8104
8104
8105
8105
8104
8104
8104
8103
8103
8102
8102
8102
8102
8101
8101
8101
8101
8101
8101
8102
8
8102
8102
8100
8100
8101
