8089
8090
8090
8090
8091
8091
8092
8092
8092
8092
8092
8093
8093
8093
8093
8093
8093
8093
8093
8093
8093
8093
8098
8098
8098
8098
8098
8099
8099
8100
8099
8097
8095
8094
8093
8093
8093
8093
8094
8095
8095
8096
8096
8097
8097
8097
8097
8097
8097
8097
8097
8096
8096
8095
8095
8095
8095
8098
8097
8097
8097
8098
8098
8098
8098
8098
8098
8098
8098
8099
8098
8099
8099
8099
8098
8096
8095
8095
8095
8095
8095
8096
8096
8096
8096
8097
8097
8097
8097
8097
8098
8098
8100
8100
8100
8101
8101
8101
8101
8101
8101
8101
8102
8102
8103
8102
8102
8101
8101
8101
8101
8101
8102
8102
8100
8099
8098
8099
8099
8103
8102
8102
8102
8103
8102
8102
8102
8101
8102
8102
8102
8101
8101
8102
8102
8102
8102
8102
8102
8101
8101
8101
8101
8101
8101
8101
8101
8100
8099
8097
8097
8097
8097
8098
8098
8100
8100
8100
8100
8101
8101
8101
8101
8102
8102
8102
8102
8102
8102
8102
8102
8102
8102
8102
8102
8103
8103
8103
8103
8104
8104
8103
8104
8102
8102
8102
8102
8102
8102
8102
8103
8102
8102
8102
8102
8102
8102
8102
8102
8103
8103
8103
8104
8104
8103
8103
8103
8104
8104
8104
8104
8103
8102
8102
8102
8102
8102
8102
8103
8103
8103
8103
8104
8103
8103
8103
8103
8103
8103
8103
8102
8102
8102
8101
8102
8102
8102
8102
8103
8103
8104
8104
8104
8104
8104
8103
8104
8103
8103
8100
8100
8100
8100
8100
8101
8101
8101
8101
8101
8101
8100
8100
8100
8100
8100
8100
8101
8101
8101
8101
8102
8102
8102
8103
8102
8103
8103
8
8102
8102
8102
8097
8097
8098
8098
8098
8099
8100
8100
8100
8100
8100
8100
8100
8100
8100
8100
8100
8099
8098
8099
8099
8099
8099
8100
8100
8100
8099
8100
8100
8100
8100
8100
8100
8100
8100
8100
8100
8099
8100
8100
8100
8101
8101
8101
8102
8102
8102
8102
8102
8102
8102
8102
8102
8102
8103
8102
8103
8102
8102
8102
8102
8103
8103
8103
8103
8102
8102
8102
8102
8103
8103
8103
8103
8104
8104
8104
8104
8105
8105
8105
8102
8100
8099
8099
8099
8099
8100
8100
8101
8101
8101
8101
8101
8101
8101
8101
8101
8101
8102
8102
8101
8101
8101
8101
8100
8100
8100
8101
8101
8101
8104
8104
8105
8105
8105
8105
8103
8101
8100
8101
8101
8101
8102
8103
8103
8104
8104
8104
8103
8103
8103
8103
8103
8103
8103
8104
8105
8105
8105
8105
8105
8105
8108
8108
8107
8107
8107
8107
8107
8108
8108
8107
8106
8104
8103
8103
8103
8102
8103
8104
8104
8104
8104
8103
8103
8103
8104
8105
8105
8106
8106
8106
8106
8106
8107
8107
8107
8106
8106
8106
8106
8106
8106
8106
8106
8106
8106
8106
8107
8107

8104
8102
8101
8102
8102
8102
8102
8103
8104
8104
8105
8105
8103
8103
8102
8102
8102
8102
8102
8102
8103
8103
8103
8104
8104
8104
8104
8105
8105
8105
8104
8101
8100
8099
8099
8099
8100
8101
8101
8101
8102
8102
8102
8103
8103
8100
8100
8100
8100
8101
8101
8102
8102
8102
8102
8102
8102
8102
8102
8102
8102
8102
8102
8102
8102
8102
8102
8102
8102
8102
8103
8102
8102
8102
8103
8102
 809
8097
8096
8096
8099
8099
8099
8099
8100
8100
8099
8098
8098
8098
8098
8098
8098
8098
8098
8098
8099
8099
8099
8100
8100
8100
8103
8103
8103
8103
8102
8102
8103
8103
8103
8104
8104
8104
8104
8105
8105
8105
8105
8105
8104
8104
8103
8103
8104
8104
8104
8105
