8099
8099
8100
8100
8101
8101
8102
8102
8102
8102
8102
8102
8102
8101
8101
8101
8101
8101
8101
8101
8101
8101
8101
8101
8101
8102
8095
8095
8095
8095
8096
8097
8097
8097
8097
8097
8098
8098
8098
8098
8098
8098
8098
8098
8098
8098
8098
8098
8098
8098
8098
8098
8099
8099
8099
8099
8099
8099
8099
8099
8099
8099
8098
8098
 809
8099
8093
8093
8094
8094
8094
8094
8092
8089
8088
8088
8088
8089
8089
8089
8090
8090
8091
8091
8091
8092
8092
8093
8093
8093
8092
8092
8091
8091
8091
8091
8092
8092
8092
8093

8094
8094
8094
8099
8099
8099
8099
8099
8099
8099
8100
8100
8101
8101
8100
8099
8097
8096
8095
8096
8096
8096
8097
8097
8097
8097
8097
8097
8098
8098
8098
8098
8098
8098
8097
8097
8097
8097
8103
8102
8102
8102
8102
8102
8103
8103
8103
8103
8104
8104
8104
8103
8104
8103
8103
8103
8103
8103
8102
8100
8099
8098
8098
8098
8099
8099
8100
8100
8100
8101
8101
8102
8105
8105
8105
8106
8106
8106
8106
8105
8105
8105
8106
8106
8106
8105
8105
8105
8105
8106
8106
8107
8106
8106
8106
8106
8106
8106
8106
8111
8111
8111
8111
8111
8111
8111
8111
8111
8111
8112
8112
8112
8113
8113
8113
8112
8112
8112
8112
8112
8112
8113
8113
8113
8113
8113
8114
8114
8114
8114
8114
8114
8110
8110
8110
8110
8109
8109
8109
8109
8110
8110
8110
8110
8110
8110
8111
8111
8112
8112
8112
8112
8112
8112
8112
8111
8111
8110
8110
8111
8111
8111
8111
8111
8112
8112
8111
8111
8111
8111
8104
8104
8104
8104
8104
8104
8104
8104
8104
8104
8103
8103
8102
8103
8103
8103
8103
8104
8103
8103
8103
8103
8103
8103
8104
8104
8104
8103
8104
8103
8103
8102
8101
8101
8101
 810
8101
8100
8100
8099
8100
8100
8100
8100
8100
8101
8101
8102
8102
8102
8102
8102
8101
8101
8101
8101
8100
8100
8100
8100
8101
8101
8101
8101
8101
8102
8102
8102
8103
8103
8103
8103
8103
8097
8098
8098
8098
8098
8098
8098
8099
8100
8100
8101
8101
8101
8100
8099
8099
8100
8100
8100
8100
8100
8101
8101
8102
8102
8102
8103
8102
8103
8102
8102
8102
8102
8102
8102
8102
8101
8099
8097
8096
8096
8096
8096
8096
8097
8097
8097
8097
8097
8097
8097
8097
8097
8098
8098
8098
8097
8097
8097
8098
8098
8098
8099
8099
8099
8100
8100
8100
8100
8100
8103
8104
8104
8104
8104
8104
8104
8104
8104
8104
8102
8100
8099
8098
8098
8098
8098
8098
8099
8099
8100
8100
8101
8101
8102
8101
8101
8102
8101
8101
8101
8103
8104
8104
8104
8104
8105
8105
8105
8105
8104
8104
8104
8104
8104
8104
8104
8104
8103
8101
8099
8098
8099
8099
8099
8100
8101
8101
8102
8102
8103
8103
8103
8103
8103
8103
8107
8107
8106
8106
8105
8105
8105
8104
8105
8105
8105
8105
8105
8105
8105
8105
8105
8105
8105
8106
8105
8106
8105
8105
8105
8103
8101
8100
8099
8099
8099
8099
8099
8104
8105
8105
8105
8105
8105
8105
8105
8105
8105
8106
8106
8106
8105
8104
8104
8104
8104
8105
8105
8106
8106
8106
8107
8107
8107
8108
8108
8108
8108
8107
8106
8105
8105
8103
8103
8103
8103
8103
8103
8104
8104
8104
8104
8105
8105
8106
8106
8106
8106
8106
8106
8106
8105
8104
8104
8104
8104
8104
8104
8104
8104
8105
8105
8105
8105
8106
8106
8105
8105
8101
8102
8102
8101
8102
8102
8102
8103
8103
8103
8102
8102
8101
8101
8101
8101
8102
