8086
8085
8085
8085
8085
8085
8086
8086
8086
8086
8086
8086
8086
8086
8086
8085
8085
8085
8087
8088
8088
8088
8088
8088
8087
8086
8085
8085
8084
8084
8084
8084
8084
8085
8084
8084
8084
8085
8085
8085
8086
8087
8087
8087
8087
8088
8088
8089
8089
8090
8090
8091
8091
8091
8091
8091
8091
8091
8091
8091
8091
8090
8088
8086
8085
8084
8085
8086
8086
8087
8087
8087
8088
8088
8088
8088
8084
8084
8084
8085
8085
8085
8086
8085
8086
8085
8086
8086
8086
8086
8087
8087
8087
8086
8083
8081
8081
8081
8081
8082
8082
8082
8082
8082
8082
8082
8082
8082
8083
8083
8092
8092
8092
8092
8092
8092
8091
8090
8090
8090
8090
8091
8091
8091
8091
8091
8090
8090
8090
8090
8090
8091
8091
8091
8091
8089
8087
8085
8085
8085
8093
8094
8094
8093
8093
8094
8093
8093
8093
8094
8094
8095
8094
8094
8094
8094
8094
8094
8094
8094
8094
8094
8094
8095
8095
8095
8095
8095
8095
8096
8096
8095
8093
8091
8099
8098
8098
8098
8098
8098
8099
8099
8099
8100
8100
8100
8101
8101
8101
8101
8102
8102
8102
8102
8101
8100
8100
8100
8100
8100
8100
8101
8101
8101
8101
8101
8101
8101
8102
8103
8103
8103
8103
8103
8103
8103
8103
8103
8102
8102
8102
8102
8102
8102
8102
8103
8104
8104
8104
8104
8105
8105
8104
8104
8105
8105
8105
8104
8103
8103
8104
8104
8105
8106
8106
8106
8107
 810
8107
8107
8105
8105
8105
8106
8106
8106
8106
8106
8106
8106
8106
8106
8106
8106
8106
8106
8106
8105
8105
8105
8105
8106
8106
8106
8106
8106
8106
8106
8107
8107
8107
8107
8108
8108
8108
8108
8108
8107
8107
8107
8104
8103
8102
8102
8102
8102
8102
8102
8102
8102
8102
8101
8101
8101
8102
8102
8102
8103
8104
8104
8104
8104
8104
8104
8104
8104
8104
8104
8103
8102
8102
8102
8102
8102
8102
8102
8103
8103
8103
8103
8104
8103
8104
8103
8104
8104
8103
8102
8101
8101
8101
8101
8102
8103
8103
8103
8102
8102
8101
8101
8102
8102
8102
8102
8102
8102
8102
8102
8102
8102
8102
8103
8103
8103
8103
8103
8102
8102
8102
8102
8101
8101
8101
8101
8101
8101
8101
8102
8102
8103
8102
8101
8100
8099
8099
8099
8100
8100
8101
8101
8101
8101
8101
8101
8101
8101
8101
8102
8102
8102
8103
8103
8104
8104
8105
8108
8108
8108
8108
8108
8108
8108
8108
8108
8107
8107
8107
8107
8107
8107
8107
8108
8108
8108
8106
8105
8104
8104
8104
8104
8104
8105
8105
8104
8104
8104
8105
8105
8106
8106
8103
8103
8103
8103
8103
8103
8103
8103
8103
8103
8103
8103
8103
8103
8103
8103
8103
8102
8103
8103
8103
8103
8103
8104
8104
8104
8104
8103
8102
8101
8101
8101
8101
810 
8100
8100
8100
8099
8099
8099
8098
8098
8098
8099
8099
8099
8099
8099
8099
8098
8098
8098
8099
8098
8099
8099
8099
8100
8099
8098
8098
8098
8098
8098
8098
8098
8097
8098
8097
8099
8099
8099
8100
8100
8100
8100
8100
8100
8100
8100
8100
8099
8099
8098
8098
8097
8097
8097
8097
8098
8098
8099
8099
8099
8099
8099
8100
8100
8100
8100
8100
8099
8099
8099
8099
8100
8100
8100
8100
8100
8100
8100
8100
8101
8101
8101
8101
8102
8102
8101
8102
8101
8102
8102
8102
8102
8101
8101
8101
8101
8102
8102
8102
8103
8103
8103
8103
8103
8104
8104
8105
8105
8104
8104
8104
8101
8101
8101
8101
8101
8101
8101
8101
8101
8100
8101
8101
8101
8101
8102
