8099
8099
8099
8100
8100
8100
8099
8097
8097
8097
8098
8098
8098
8098
8099
8099
8099
8098
8098
8097
8097
8097
8097
8097
8098
8098
8098
8099
8099
8100
8100
8101
8101
8100
8100
8100
8101
8101
8101
8100
8099
8097
8096
8095
8096
8096
8096
8097
8097
8097
8097
8097
8098
8098
8098
8099
8099
8099
8099
8099
8099
8103
8103
8103
8103
8103
8103
8104
8103
8104
8104
8104
8103
8103
8102
8101
8100
8099
8099
8099
8099
8100
8100
8101
8101
8101
8101
8101
8102
8102
8102
8102
8103
8103
8103
8104
8103
8107
8107
8107
8107
8107
8106
8105
8105
8105
8105
8106
8106
8106
8106
8106
8106
8106
8106
8106
8106
8105
8104
8103
8103
8102
8102
8102
8102
8102
8103
8103
8103
8105
8105
8105
8105
8105
8106
8106
8106
8106
8106
8106
8106
8106
8106
8106
8106
8106
8106
8106
8106
8106
8105
8105
8105
8105
8104
8103
8103
8106
8106
8107
8107
8107
8107
8107
8107
8106
8106
8106
8106
8105
8104
8104
8104
8104
8104
8104
8104
8104
8103
8104
8104
8104
8105
8105
8105
8107
8106
8106
8106
8106
8107
8106
8106
8106
8106
8107
8107
8108
8108
8108
8108
8109
8109
8109
8108
8108
8108
8108
8108
8109
8109
8109
8109
8109
8109
8109
8109
8109
8110
8109
8108
8108
8107
8107
8107
8107
8107
8106
8106
8105
8105
8105
8105
8105
8106
8106
8106
8106
8106
8106
8106
8107
8107
8107
8107
8107
8107
8107
8107
8107
8106
8106
8106
8107
8107
8107
8108
8108
8109
8109
8108
8107
8107
8107
8107
8108
8108
8108
8108
8109
8109
8109
8110
8110
8110
8110
8110
8110
8111
8110
8109
8109
8108
8108
8108
8108
8108
8108
 810
8108
8109
8109
8103
8104
8104
8105
8105
8104
8104
8104
8103
8103
8103
8104
8103
8104
8103
8103
8102
8102
8102
8102
8102
8103
8103
8104
8103
8103
8104
8103
8104
8104
8105
8105
8105
8105
8102
8102
8102
8103
8103
8102
8102
8102
8102
8102
8102
8102
8103
8103
8104
8104
8104
8105
8105
8105
8105
8106
8106
8106
8107
8107
8108
8108
8108
8108
8107
8106
8105
20) 
8105
8105
8105
8106
8106
8106
8107
8107
8107
8107
8107
8107
8108
8108
8108
8109
8108
8108
8108
8108
8108
8108
8108
8108
8108
8108
8108
8109
8109
8109
8110
8110
8110
8110
8110
8109
8108
8108
8107
8107
r: [
8113
8113
8113
8112
8110
8109
8107
8107
8107
8107
8108
8108
8108
8108
8109
8109
8109
8109
8110
8110
8110
8110
8110
8111
8111
8111
8110
8110
8110
8110
8110
8111
8111
8111
8112
8111
8111
8111
8112
8111
8111
8107
8107
8108
8108
8109
8108
8107
8105
8105
8105
8106
8106
8107
8107
8108
8109
8109
8109
8108
8108
8107
8107
8107
8108
8108
8108
8108
8108
8108
8108
8109
8109
8110
8110
8110
8110
8110
8109
8107
8106
8104
8103
8102
8103
8103
8104
8104
8104
8105
8104
8105
8105
8105
8106
re[1
8105
8106
8106
8106
8106
8106
8106
8106
8106
8106
8105
8105
8103
8101
8100
8100
8099
8099
8099
8100
8101
8101
8102
8102
8102
8102
8102
8103
8103
8104
8104
8104
8104
8104
8104
8103
8104
8104
8104
8105
8105
8105
8105
8105
8104
8103
8103
8103
8103
8104
8103
8102
8101
8101
8101
8101
8101
8101
8101
8101
8102
8102
8099
8100
8100
8100
8100
8101
8101
8101
8102
8101
8102
8101
8101
8101
8100
8100
8099
8099
8099
8100
8100
8100
8099
8098
8098
8098
8098
8099
8099
8100
8100
8104
8104
8105
8104
8104
8104
8104
8104
8105
8104
