8110
8110
8111
8110
8111
8111
8111
8111
8112
8112
8112
8113
8113
8113
8114
8112
8112
8112
8111
8109
8108
8108
8108
8109
8109
8109
8109
8109
8108
8107
8106
8106
8106
8107
8108
8107
8107
8108
8108
8108
8108
8108
8108
8109
8109
8109
8109
8109
8108
8108
8109
8109
8109
8108
8108
8105
8105
8105
8105
8106
8106
8107
8107
8106
8105
8104
8104
8103
8103
8103
8104
8104
8103
8103
8103
8104
8104
8103
8103
8103
8103
8103
8103
8103
8103
8104
8104
8105
8104
8106
8107
8107
8107
8107
8107
8106
8105
8105
8105
8105
8106
8106
8107
8107
8106
8104
8103
8103
8103
8103
8103
8104
8104
8105
8104
8104
8104
8103
8104
8104
8104
8104
8105
8107
8106
8106
8106
8106
8107
8107
8107
8107
8107
8107
8107
8107
8107
8106
8106
8105
8106
8106
8106
8106
8106
8106

8105
8103
8102
8102
8102
8102
8103
8103
8103
8102
8102
8109
8109
8108
8108
8108
8108
8107
8108
8108
8108
8108
8109
8109
8109
8109
8109
8109
8109
8109
8109
8109
8109
8108
8108
8107
8107
8107
8107
8107
8107
8107
8107
8107
8107
8104
8104
8104
8104
8104
8104
8105
8105
8105
8105
8104
8104
8104
8104
8104
8104
8104
8104
8103
8103
8103
8103
8104
8104
8104
8103
8103
8104
8103
8103
8102
8102
8102
8102
8102
8102
8099
8100
8100
8100
8101
8101
8101
8101
8101
8102
8102
8102
8103
8103
8103
8103
8104
8103
8104
8103
8104
8104
8104
8104
8105
8105
8105
8105
8105
8105
8105
8105
8105
8105
8105
8105
8104
8104
8103
8104
8103
8104
8104
8105
8105
8104
8104
8104
8104
8104
8104
8104
8104
8104
8104
8104
8104
8104
8104
8103
8103
8103
8103
8103
8103
8103
8102
8102
8103
8103
8102
8102
8103
8103
8103
8103
8104
8103
8103
8103
8099
8098
8097
8096
8096
8096
8096
8097
8098
8098
8099
8099
8099
8099
8099
8099
8099
8100
8100
8100
8099
8099
8098
8097
8097
8098
8098
8098
8099
8099
8099
8099
8102
8103
8103
8103
8103
8103
8101
8100
8099
8098
8098
8098
8098
8098
8099
8099
8100
8100
8100
8100
8101
8101
8101
8101
8101
8102
8102
8102
8102
8101
8100
8100
8100
8100
8101
8101
8101
8102
8105
8105
8105
8105
8105
8104
8105
8105
8105
8106
8105
8105
8103
8102
8101
8100
8100
8100
8100
8100
8101
8101
8101
8101
8101
8101
8101
8101
8101
8101
8101
8101
8101
8102
81yw
8099
8100
8100
8100
8099
8099
8098
8098
8098
8097
8097
8097
8097
8097
8097
8096
8097
8097
8097
8096
8094
8093
8093

8092
8092
8092
8093
8093
8093
8094
8094
8095
8095
8095
8099
8099
8100
8100
8100
8100
8101
8100
8101
8100
8100
8100
8099
8098
8098
8098
8098
8098
8098
8098
8098
8098
8098
8098
8098
8099
8099
8098
8096
8095
8094
8092
8092
8092
8092
8098
8098
8098
8098
8097
8097
8097
8097
8097
8097
8097
8097
8097
8097
8097
8097
8097
8098
8098
8099
8099
8099
8099
8100
8100
8099
8099
8098
8100
8100
8101
8101
8101
8101
8101
8101
8101
8101
8101
8101
8102
8101
8101
8101
8101
8102
8102
8102
8103
8103
8103
8104
8104
8104
8105
8105
8105
8106
8106
8106
8106
8105
8104
8104
8104
8103
8102
8102
8102
8103
8103
8103
8103
8104
8104
8105
8105
8105
8105
8105
8105
8105
8105
8105
8104
8103
8103
8103
8103
8102
8103
8103
8103
8104
8103
8104
8103
8103
8103
8103
8103
8103
8103
8103
8104
8104
8105
8105
8105
8105
8105
8105
8105
8105
8105
8105
8105
