8108
8108
8108
8107
8107
8107
8106
8106
8106
8106
8106
8106
8106
8107
8108
8108
8108
8109
8108
8109
8108
8109
8109
8109
8109
8108
8108
8108
8109
8115
8115
8115
8115
8114
8114
8113
8112
8111
8110
8110
8110
8111
8112
8112
8112
8112
8112
8112
8112
8113
8112
8112
8112
8112
8112
8112
8113
8113
8113
8113
8113
8113
8114
8114
8114
8114
8114
8114
8114
8114
8114
8114
8115
8115
8115
8114
8114
8114
8113
8111
8111
8111
8111
8111
8112
8113
8113
8113
8114
8114
8114
8114
8114
8114
8113
8113
8113
8113
8113
8113
8113
8113
8113
8113
8113
8113
8113
8113
8114
8114
8114
8114
8114
8114
8114
8114
8114
8113
8113
8113
8111
8110
8110
8110
8110
8110
8110
8110
8110
8110
8111
8111
8111
8112
8113
8113
8113
8113
8112
8112
8112
8112
8112
8112
8112
8112
8113
8113
8113
8113
8113
8113
8113
8113
8114
8114
8114
8114
8114
8113
8112
8112
 810
8109
8109
8109
8109
8109
8109
8110
8110
8110
8111
8111
8111
8111
8111
8111
8111
8110
8110
8110
8110
8110
8110
8110
8110
8110
8110
8110
8110
8111
8111
8111
8111
8112
8112
8111
8109
8110
8110
8110
8110
8110
8110
8110
8110
8110
8110
8110
8110
8111
8111
8111
8111
8111
8112
8112
8112
8112
8112
8111
8111
8111
8111
8110
8110
8110
8110
8111
8110
8111
8112
8112
8112
8112
8112
8112
8112
8112
8112
8112
8111
8111
8110
8109
8109
8110
8110
8110
8110
8111
8111
8111
8111
8111
8111
8111
8112
8112
8112
8112
8112
8111
8110
8109
8109
8107
8106
8106
8105
8105
8105
8105
8104
8105
8105
8105
8106
8106
8106
8106
8106
8106
8107
8107
8108
8107
8107
8106
8105
8105
8105
8105
8106
8106
8106
8106
8106
8106
8105
8106
8106
8107
8107
8107
8107
8107
8108
8108
8108
8109
8109
8109
8109
8108
8107
8106
8106
8106
8107
8108
8109
8109
8109
8110
8110
8110
8111
8111
8111
8111
8112
8112
8112
8112
8111
8111
8111
8111
8112
8112
8112
8112
8112
8112
8115
8114
8114
8113
8113
8111
8110
8109
8109
8109
8110
8111
8111
8112
8112
8112
8112
8112
8112
8112
8111
8111
8111
8111
8111
8112
8112
8112
8112
8112
8112
8112
8112
8112
8113
8112
8112
8112
8113
8108
8108
8108
8107
8107
8106
8105
8105
8105
8103
8101
8100
8100
8100
8101
8101
8101
8101
8102
8103
8103
8104
8104
8104
8103
8102
8102
8101
8101
8102
8102
8102
8102
8103
8105
8105
8105
8105
8105
8106
8106
8105
8106
8105
8106
8106
8106
8105
8104
8102
8102
8102
8102
8101
8101
8101
8101
8101
8100
8101
8108
8108
8109
8109
8109
8109
8108
8108
8107
8107
8106
8107
8107
8107
8108
8108
8108
8108
8108
8108
8108
8107
8105
8104
8104
8104
8103
8103
8103
8104
8104
8105
8105
8106
8109
8108
8108
8107
8107
8107
8107
8108
8108
8108
8108
8107
8107
8107
8108
8108
8109
8109
8109
8109
8108
8108
8107
8107
8105
8103
8107
8107
8107
8107
8107
8106
8106
8107
8106
8105
8105
8105
8105
8105
8105
8105
8105
8105
8105
8105
8105
8105
8105
8105
8106
8106
8106
8106
8105
8104
8104
8103
8102
8101
8100
8100
8100
8100
8101
8101
8101
8102
8102
8102
8102
8102
8102
8102
8102
8102
8102
8101
8101
8101
8101
8101
8102
8102
8102
8103
8102
8102
8102
8102
8102
8102
8102
8102
8102
8102
8105
8105
8105
8105
8104
8104
8104
8104
8104
8104
8105
8106
8106
8106
8106
8106
8106
8107
8108
8108
8108
8108
8108
8107
8106
