8115
8114
8114
8113
8113
8113
8113
8113
8114
8114
8114
8114
8107
8107
8107
8107
8106
8106
8106
8107
8108
8108
8109
8109
8109
8109
8109
8109
8109
8110
8110
8109
8109
8109
8109
8109
8110
8110
8110
8110
8110
8110
8110
8110
8111
8111
8111
8111
8111
8111
8110
8110
8109
8108
8107
8108
8108
8108
8108
8109
8109
8109
8109
8108
8109
8109
8110
8111
8111
8111
8111
8111
8111
8112
8112
8112
8112
8112
8113
8113
8113
8112
8111
8110
8110
8110
8110
8111
8112
8112
8112
8112
8112
8112
8112
8113
8113
8113
8113
8113
8113
8112
8111
8110
8110
8110
8111
8111
8111
8111
8111
8110
8111
8111
8111
8111
8112
8112
8112
8112
8112
8112
8112
8112
8112
8112
8112
8112
8113
8113
8112
8112
8115
8115
8115
8115
8115
8115
8115
8115
8115
8115
8116
8115
8114
8113
8112
8113
8113
8113
8113
8113
8113
8113
8113
8113
8112
8112
8113
8ywe
8116
8116
8116
8116
8116
8116
8116
8116
8115
8116
8115
8115
8114
8114
8114
8114
8114
8114
8114
8113
8112
8111
8110
8109
8109
8109
8109
8110
8109
8109
8109
8108
8108
8108
8108
8110
8110
8110
8109
8110
8110
8111
8111
8112
8112
8112
8112
8112
8112
8112
8112
8113
8113
8112
8112
8111
8111
8111
8111
8112
8112
8111
8110
8109
8108
8108
8108
8109
8110
8111
8111
8113
8113
8113
8114
8114
8114
8114
8113
8113
8113
8113
8114
8114
8114
8115
8115
8116
8116
8116
8116
8116
8117
8116
8116
8116
8116
8115
8114
8113
8113
8113
8113
8114
8114
8111
8110
8110
8110
8110
8110
8110
8110
8110
8111
8111
8111
8111
8111
8110
8110
8109
8109
8109
8110
8110
8110
8111
8111
8111
8111
8112
8112
8113
8113
8113
8113
8113
8112
8112
8111
8107
8107
8107
8106
8106
8106
8106
8107
8107
8107
8107
8107
8107
8107
8108
8108
8108
8108
8108
8108
8108
8108
8107
8107
8107
8107
8107
8107
8108
8108
8108
8108
8108
8108
8109
8109
8109
8109
8110
8110
8106
8106
8107
8107
8108
8108
8108
8108
8108
8108
8108
8108
8108
8107
8107
8107
8107
8107
8107
8107
8106
8106
8106
8106
8106
8107
8107
8107
8107
8107
8107
8107
8107
8107
8107
8107
8107
8107
8108
8108
8108
8108
8108
8108
8108
8108
8109
8109
8110
8110
8110
8110
8110
8110
8109
8109
8109
8109
8109
8109
8109
8109
8110
8110
8110
8111
8111
8111
8111
8110
8110
8111
8111
8110
8109
8108
8108
8108
8108
8109
8110
8110
8110
8111
8111
8110
8110
8110
8110
8110
8110
8110
8110
8111
8111
8111
8112
8112
8112
8112
8112
8112
8113
8113
8113
8112
8111
8111
8111
8112
8112

[0
8114
8114
8114
8114
8114
8114
8114
8113
8112
8111
8111
8111
8111
8111
8112
8112
8112
8112
8113
8113
8112
8113
8113
8113
8113
8113
8114
8114
8114
8114
8114
8114
8115
8114
8115
8116
8116
8116
8116
8117
8116
8117
8116
8116
8115
8115
8115
8115
8115
8115
8114
8113
8112
8111
8112
8112
8113
8113
8113
8113
8114
8113
8113
8112
8112
8112
8112
8112
8112
8112
8110
8110
8110
8110
8111
8111
8111
8111
8112
8112
8112
8112
8112
8112
8111
8111
8110
8110
8110
8110
8110
8110
8111
8110
8109
8108
8108
8107
8107
8107
8111
8111
8110
8110
8110
8110
8110
8110
8110
8110
8109
8109
8109
8109
8109
8110
8110
8110
8110
8111
8111
8111
8111
8111
8111
8e_t
8106
8107
8107
8108
8108
8108
8108
8108
8108
8108
8108
8108
8108
8108
8109
8108
8107
8107
8106
8107
8107
