8120
8121
8121
8122
8122
8121
8121
8121
8121
8121
8120
8120
8120
8120
8120
8120
8120
8121
8121
8120
8120
8118
8117
8117
8117
8117
8118
8119
8118
8118
8118
8118
8115
8115
8115
8115
8115
8115
8115
8115
8115
8115
8115
8114
8113
8113
8113
8113
8113
8113
8114
8114
8114
8115
8114
8113
8112
8111
8110
8111
8111
8111
8112
8112
8111
8111
8111
8116
8116
8116
8116
8116
8116
8115
8115
8114
8114
8115
8115
8116
8116
8116
8116
8116
8116
8115
8115
8116
8116
8116
8117
8117
8117
8117
8116
8115
8115
8115
8115
8115
8116
8116
8116
8116
8116
8116
8116
8116
8116
8116
8116
8117
8117
8116
8116
8116
8116
8115
8116
8116
8116
8117
8117
8117
8117
8117
8117
8117
8117
8117
8116
8116
8116
8116
8116
8115
8115
8115
8115
8115
8115
8116
8116
8116
8116
8116
8116
8116
8116
8114
8114
8115
8115
8115
8115
8115
8114
8113
8113
8113
8114
8114
8115
8115
8115
8115
8115
8115
8115
8115
8116
8116
8116
8116
8116
8115
8114
8114
8113
8114
8114
8113
8114
8114
8114
8115
8115
8114
8115
8114
8115
8114
8115
8114
8114
8113
8112
8112
8112
8112
8113
8113
8114
8114
8113
8114
8114
8114
8114
8115
8115
8115
8114
8114
8114
8113
8113
8113
8113
8113
8112
8113
8113
8113
8114
8113
8113
8114
8114
8114
8115
8114
8114
8114
8114
8113
8114
8114
8114
8114
8115
8115
8115
8116
8115
8115
8115
8115
8116
8115
8114
8114
8113
8113
8113
8113
8113
8113
8113
8114
8114
8115
8115
8115
8115
8115
8116
8116
8116
8116
8116
8116
8116
8116
8116
8116
8116
8116
8116
8116
8116
8115
8110
8111
8111
8112
8112
8112
8112
8112
8112
8112
8112
8112
8112
8112
8112
8111
8111
8111
8111
8111
8111
8111
8111
8112
8112
8113
8113
8112
8112
8112
8112
8111
8109
8110
8110
8110
8110
8110
8110
8110
8109
8109
8108
8108
8108
8108
8108
8109
8109
8109
8109
8109
8109
8109
8109
8110
8110
8110
8110
8110
8109
8109
8109
8109
8106
8107
8107
8107
8106
8106
8107
8107
8107
8107
8108
8108
8108
8109
8109
8109
8109
8109
8108
8109
8109
8109
8108
8107
8107
8107
8107
8107
8108
8108
8108
8109
8108
8107
8106
8106
8106
8106
8107
8107
8107
8107
8108
8108
8109
8109
8109
8109
8109
8109
8108
810
8108
8108
8108
8108
8108
8108
8108
8108
8108
8111
8111
8111
8111
8110
8108
8107
8106
8106
8107
8107
8107
8106
8106
8106
8106
8106
8106
8106
8106
8107
810
8107
8106
8106
8107
8107
8107
8107
8107
8107
8107
8108
8108
8108
8108
8108
8107
8105
8104
8102
8102
8102
8102
8103
8104
8105
8105
8105
8105
8105
8105
8105
8105
8105
8104
8104
8104
8103
8104
8110
8110
8110
8110
8110
8110
8110
8110
8110
8109
8108
8108
8108
8107
8106
8106
8106
8106
8106
8106
8107
8107
8107
8107
8107
8107
8107
8108
8108
8107
8106
8106
8106
8110
8111
8111
8110
8111
8111
8110
8110
8111
8111
8111
8111
8112
8112
8113
8113
8114
8114
8113
8113
8113
8113
8113
8113
8111
8110
8109
8108
8108
8108
8108
8109
8108
8110
8110
8110
8111
8111
8110
8110
8109
8109
8109
8110
8110
8110
8110
8110
8110
8110
8111
8111
8111
8111
8111
8112
8112
8112
8111
8110
8110
8110
8110
8109
8109
8109
8108
8109
8109
8109
8110
8110
8110
8111
8111
8111
8112
8112
8113
8112
8112
8110
8109
8109
8110
8110
8110
8111
8111
8111
8111
811
8111
8111
8111
8111
8112
8111
8112
8112
