8104
8105
8105
8106
8106
8106
8106
8106
8106
8106
8106
8107
8107
8107
8106
8106
8106
8106
8106
8107
8107
8107
8108
8108
8108
8108
8108
8108
8109
8107
8106
8105
8105
8105
8105
8105
8106
8106
8106
8107
8106
8106
8106
8105
8105
8105
8105
8106
8106
8107
8108
8108
8108
8109
8109
8109
8109
8109
8109
8109
8108
8111
8111
8111
8110
8109
8108
8106
8105
8105
8105
8105
8106
8106
8106
8106
8107
8108
8109
8109
8109
8109
8109
8109
8110
8110
8110
8109
8109
8109
8109
8109
8110
[0;3
8115
8115
8115
8115
8115
8115
8115
8115
8114
8112
8110
8109
8108
8108
8108
8109
8109
8110
8110
8110
8110
8111
8111
8111
8112
8112
8112
8113
8113
8113
8112
8112
8112
8117
8117
8117
8117
8117
8116
8116
8115
8115
8115
8115
8115
8115
8114
8113
8112
8113
8113
8113
8114
8114
8114
8115
8115
8114
8114
8114
8116
8116
8116
8116
8117
8117
8117
8117
8116
8116
8116
8116
8115
8114
8114
8114
8115
8114
8115
8114
8112
8111
8111
8111
8111
8111
8112
8112
8113
8113
8113
8113
8112
sk, 
8114
8114
8114
8114
8114
8114
8114
8114
8113
8113
8113
8113
8113
8112
8112
8112
8112
8112
8112
8112
8112
8112
8112
8111
8110
8108
8107
8106
8108
8107
8107
8107
8107
8108
8108
8109
8109
8109
8108
8108
8107
8107
8107
8108
8108
8108
8107
8108
8107
8107
8107
8106
8106
8106
8106
8106
8103
8103
8103
8104
8104
8104
8104
8104
8104
8103
8103
8104
8104
8104
8105
8105
8105
8105
8105
8105
8105
8105
8105
8105
8105
8104
8103
8103
8102
8102
8102
8102
8102
8102
8100
8100
8100
8101
8101
8101
8102
8102
8102
8102
8102
8102
8101
8101
8101
8101
8100
8100
8100
8100
8100
8100
8100
8101
8101
8101
8101
8101
8101
8101
8101
8101
8101
8101
8101
8100
8100
8098
8098
8098
8098
8097
8097
8097
8097
8098
8098
8098
8098
8098
8098
8098
8098
8099
8099
8099
8100
8100
8100
8099
8099
8099
8099
8099
8099
8099
8099
8099
8099
8100
8100
8100
8100
8100
8101
8101
8101
8101
8096
8097
8097
8097
8098
8099
8099
8100
8101
8101
8101
8101
8101
8101
8102
8103
8103
8103
8103
8102
8103
8103
8103
8104
8104
8104
8104
8105
8105
8105
8105
8106
8106
8102
8102
8102
8102
8102
8101
8102
8102
8102
8103
8104
8104
8104
8104
8104
8105
8106
8105
8106
8106
8106
8106
8106
8105
8104
8104
8104
8104
8104
8105
8105
8105
8106
8106
8106
8106
8107
8107
8107
8107
8107
8104
8103
8103
8103
8104
8104
8104
8105
8105
8106
8106
8106
8106
8106
8106
8107
8107
8108
8107
8107
8106
8106
8106
8106
8107
8108
8108
8108
8108
8108
8108
8108
8108
8105
8105
8105
8106
8106
8106
8104
8101
8099
8099
8098
8098
8099
8099
8100
8101
8101
8102
8102
8103
8103
8103
8103
8104
8103
8104
8103
8103
8103
8103
8103
8103
8104
8105
8105
8105
8105
8105
8105
8107
8107
8107
8108
8108
8108
8109
8108
8109
8109
8109
8108
8107
8105
8103
8102
8103
8103
8103
8103
8103
8104
8105
8105
8105
8106
8106
8107
8107
8107
8107
8107
8107
8107
8106
8106
8108
8107
8107
8108
8108
8108
8108
8108
8107
8106
8106
8106
8106
8106
8106
8106
8105
8104
8103
8103
8104
8104
8105
8105
8106
8106
8105
8111
8111
8110
8110
8110
8110
8111
8111
8111
8112
8112
8112
8112
8112
8113
8113
8113
8113
8113
8111
8109
8108
8108
8108
8108
8109
8109
8111
8112
8112
8112
8112
8112
8112
8111
