8103
8103
8103
8104
8104
8104
8104
8104
8104
8103
8104
8104
8104
8105
8105
8105
8106
8106
8104
8104
8104
8104
8104
8103
8103
8103
8103
8103
8103
8103
8104
8104
8104
8104
8104
8104
8104
8104
8105
8105

8105
8105
8105
8104
8104
8105
8105
8105
8105
8105
8103
8103
8103
8103
8103
8104
8103
8103
8103
8103
8103
8103
8103
8103
8103
8104
8104
8104
8103
8103
8102
8102
8102
8102
8102
8103
8103
8103
8103
8103
8104
8105
8099
8100
8100
8101
8101
8102
8102
8103
8103
8103
8103
8103
8103
8103
8103
8103
8103
8103
8103
8103
8104
8103
8104
8104
8104
8104
8104
8105
8105
8
8106
8105
8105
8110
8110
8108
8106
8105
8104
8105
8104
8105
8105
8105
8106
8106
8107
8107
8107
8107
8107
8107
8107
8106
8106
8105
8106
8107
8108
8108
8109
8108
8108
8107
8108
8105
8105
8106
8106
8106
8106
8107
8107
8106
8105
8104
8102
8101
8101
8101
8102
8102
8102
8103
8103
8102
8103
8103
8103
8104
8104
8104
8103
8102
8102
8103
8103
8103
8103
8103
8106
8106
8105
8106
8106
8106
8107
8107
8107
8107
8107
8107
8106
8105
8104
8104
8104
8104
8104
8104
8104
8103
8103
8104
8104
8104
8105
8108
8108
8108
8108
8108
8108
8108
8108
8108
8107
8107
8107
8107
8107
8107
8107
8107
8107
8107
8105
8104
8104
8104
8105
8105
8106
8106
8105
8105
8105
8104
8104
8105
8105
8105
8107
8107
8107
8107
8106
8106
8106
8106
8107
8107
8107
8107
8107
8106
8106
8106
8106
8106
8106
8107
8107
8107
8107
8106
8104
8102
8101
8106
8105
8105
8106
8106
8106
8106
8106
8106
8106
8106
8106
8106
8107
8106
8106
8106
8105
8104
8104
8104
8105
8104
8105
 810
8105
8105
8108
8108
8108
8109
8109
8109
8110
8110
8111
8111
8111
8110
8110
8109
8109
8110
8110
8110
8111
8111
8112
8112
8112
8112
8112
8112
8113
8109
8109
8109
8109
8109
8109
8110
8110
8110
8110
8110
8111
8111
8111
8111
8112
8111
8110
8110
8110
8110
8110
8110
8110
8110
8110
8111
8111
8111
8112
8111
8111
8111
8111
8111
8109
8110
8110
8110
8110
8110
8110
8110
8111
8111
8111
8111
8110
8110
8110
8110
8111
8111
8111
8111
8111
8111
8111
8112
8112
8112
8111
8112
8112
8112
8111
8110
8109
8109
8110
8109
8109
8108
8108
8108
8107
8107
8107
8108
8108
8108
8108
8108
8108
8108
8108
8108
8109
8109
8109
8109
8109
8109
8109
8109
8109
8110
8110
8110
8112
8112
8113
8113
8114
8114
8114
8114
8115
8115
8115
8115
8115
8115
8114
8114
8114
8114
8115
8115
8115
8115
8115
8115
8115
8114
8115
8115
8115
8115
8114
8114
8114
8113
8113
8113
8113
8113
8113
8113
8114
8109
8109
8110
8110
8109
8109
8109
8110
8110
8110
8111
8111
8111
8111
8111
8111
8111
8111
8110
8110
8109
8109
8109
8109
8109
8109
8109
8109
8109
8109
8109
8109
8109
8109
8109
8109
8109
 811
8109
8109
8105
8105
8106
8106
8106
8106
8106
8106
8107
8107
8107
8107
8107
8108
8108
8108
8108
8107
8107
8106
8106
8107
8107
8107
8108
8108
8109
8109
8109
8109
8109
8109
8109
8109
8109
8110
8109
8108
8105
8104
8104
8104
8104
8105
8105
8105
8105
8105
8105
8106
8106
8106
8106
8106
8106
8106
8105
8105
8105
8106
8106
8106
8107
8107
8108
8108
8108
8108
8108
8109
8109
8111
8111
8111
8111
8111
8111
8112
8112
8112
8112
8110
8108
8107
8107
8107
8107
8107
8107
8108
8108
8108
8108
8108
