8108
8108
8109
8109
8110
8110
8110
8110
8110
8110
8110

8108
8106
8105
8105
8105
8106
8106
8106
8107
8107
8108
8108
8108
8109
8109
8109
8110
8109
8109
8109
8109
8109
8108
8108
8108
8108
8108
8108
8108
8108
8108
8106
8105
8105
8105
8105
8105
8105
8106
8109
8110
8110
8110
8110
8110
8109
8109
8110
8110
8110
8110
8110
8110
8110
8110
8110
8110
8110
8110
8110
8110
8110
8108
8106
8105
8104
8108
8107
8107
8107
8107
8107
8106
8106
8106
8106
8106
8106
8106
8106
8107
8107
8107
8107
8107
8106
8105
8105
8105
8106
8106
8107
8106
8104
8105
8105
8105
8106
8106
8106
8107
8107
8106
8106
8106
8106
8105
8105
8104
8104
8104
8105
8105
8106
8105
8106
8106
8105
8106
8105
8105
8104
8104
8104
8104
8104
8105
8105
8105
8105
8105
8105
8105
8105
8105
8106
8105
8105
8104
8104
8104
8104
8104
8105
8105
8105
8105
8105
8105
8105
8105
8105
8106
8106
8106
8106
8106
8103
8103
8104
8104
8104
8105
8105
8104
8104
8104
8104
8104
8104
8105
8105
8106
8106
8106
8106
8106
8106
8106
8107
8107
8108
8108
8108
8107
8106
8106
8106
8106
8106
8106
8106
8107
8107
8107
8107
8108
8108
8109
8109
8109
8109
8109
8109
8109
8110
8110
8110
8110
8111
8111
8111
8111
8111
8110
8109
8109
8108
8108
8108
8109
8109
8110
8110
8110
8110
8111
8111
8111
8111
8111
8111
8111
8111
8110
8110
8110
8110
[0;
8106
8106
8106
8106
8106
8107
8107
8107
8107
8107
8106
8106
8106
8106
8107
8107
8108
8108
8108
8108
8108
8109
8109
8109
8108
8108
8107
8108
8108
8107
8107
8106
8106
8108
8105
8104
8104
8104
8105
8106
8106
8107
8107
8107
8107
8108
8108
8108
8108
8108
8108
8108
8107
8107
8107
8107
8107
8107
8107
8108
8108
8109
8109
8109
8109
8109
8109
8110
8110
8110
8110
8110
8109
8109
8106
8106
8106
8106
8106
8106
8105
8103
8101
8100
8100
8100
8100
8101
8102
8102
8102
8102
8103
8103
8103
8103
8103
8103
8103
8103
8102
8102
8102
8103
8103
8103
8104
8103
8104
8104
8104
8104
8104
8105
8105
8104
8104
8105
8105
8105
8105
8105
8105
8103
8102
8100
8100
8100
8100
8100
8100
8100
8101
8101
8102
8102
8103
8103
8104
8103
8103
8103
8102
8106
8106
8106
8106
8106
8106
8106
8106
8106
8106
8105
8105
8106
8106
8106
8106
8106
8106
8106
8105
8104
8103
8103
8103
8104
8105
8105
8105
8108
8108
8107
8107
8107
8108
8108
8107
8107
8107
8108
8108
8108
8108
8107
8108
8108
8108
8108
8108
8108
8106
8104
8103
8103
8103
8103
8104
8108
8109
8110
8109
8109
8110
8110
8110
8110
8109
8109
8108
8108
8108
8108
8108
8108
8109
8109
8109
8110
8109
8109
8109
8109
8109
8110
8109
8107
8105
8104
8104
8104
8104
8105
8105
8108
8108
8108
8108
8109
8108
8109
8109
8109
8109
8110
8110
8110
8110
8110
8110
8109
8108
8107
8107
8107
8107
8107
8108
8108
8108
8108
8109
8109
8109
8109
8109
8109
8110
8110
8107
8107
8108
8108
8109
8108
8108
8108
8108
8108
8108
8108
8108
8109
8109
8109
8110
8110
8110
8110
8110
8110
8110
8111
8111
8110
8110
8110
8110
8110
8110
8110
8109
8109
8109
8109
8109
8107
8107
8107
8107
8107
8107
8107
8107
8108
8108
8108
8109
8109
8109
8109
8109
8110
8110
8111
8111
8110
8110
8110
8109
8110
8110
8110
8110
8110
8111
8112
8112
8113
_hon
8109
8109
8109
8109
8110
8110
8110
8110
