8120
8120
8120
8120
8120
8119
8119
8119
8119
8119
8119
8119
8119
8119
8119
8118
8119
8119
8119
8119
8119
8120
8120
8120
8120
8119
8120
8120
8120
8120
8119
8119
8119
8119
8119
8120
8120
8120
8120
8120
8120
8120
8121
8121
8121
8121
8120
8119
8118
8117
8117
8118
8118
8118
8119
8119
8119
8119
8119
8119
8119
8119
8119
8119
8119
8120
8120
8120
8121
8122
8122
8122
8122
8121
8121
8121
8121
8121
8121
8121
8120
8120
8120
8120
8120
8120
8120
8120
8120
8120
8120
8117
8117
8117
8118
8118
8118
8118
8117
8117
8116
8116
8117
8117
8117
8117
8117
8117
8117
8117
8117
8117
8118
8118
8119
8120
8120
8121
8121
8121
8120
8120
8119
8119
8119
8119
8120
8120
8120
8121
8121
8114
8115
8115
8115
8115
8115
8116
8116
8116
8116
8116
8116
8116
8117
8116
8117
8116
8116
8116
8116
8115
8115
8116
8116
8116
8116
8116
8117
8117
8117
8118
8119
8119
8119
8119
8118
8117
8116
8116
8115
8110
8110
8111
8111
8111
8110
8109
8108
8107
8106
8106
8106
8106
8106
8106
8106
8106
8107
8107
8108
8108
8108
8108
8108
8108
8108
8108
8108
8108
8107
8107
8107
8107
8107
8108
8108
8109
810

8110
8110
8111
8111
8111
8111
8111
8111
8111
8111
8110
8109
8108
8107
8106
8105
8105
8105
8106
8106
8107
8108
8108
8109
8109
8109
8109
8110
8110
8110
8110
8110
8110
8110
8110
8113
8113
8114
8114
8114
8114
8115
8114
8113
8112
8112
8112
8112
8112
8113
8112
8111
8110
8109
8109
8109
8110
8110
8110
8111
8111
8111
8110
8110
8110
8110
8110
8110
8109
8109
8109
8109
8109
8110
8110
8110
8110
8110
8109
8109
8110
8110
8110
8110
8110
8109
8107
8106
8106
8106
8106
8107
8107
8108
8108
8108
8107
8108
8109
8109
8109
8108
8108
8108
8108
8109
8108
8108
8107
8107
8107
8107
8108
8108
8108
8108
8108
8108
8108
8108
8108
8108
8108
8108
8108
8108
8108
8108
8108
8108
8109
8109
8110
8110
8110
8110
8110
8111
8111
8110
8109
8109
8109
8108
8108
8109
8110
8110
8111
8111
8111
8112
8112
8112
8112
8112
8112
8114
8115
8115
8115
8115
8114
8114
8114
8114
8114
8114
8115
8115
8115
8115
8115
8115
8115
8115
8115
8115
8115
8115
8115
8115
8115
8115
8114
8115
8115
8115
8113
8113
8113
8113
8114
8114
8114
8114
8114
8115
8115
8115
8115
8115
8114
8114
8114
8114
8114
8114
8115
8115
8116
8116
8116
8117
8117
8117
8116
8117
8117
8117
8116
8116
8115
8116
8116
8116
8116
8116
8110
8109
8109
8108
8109
8109
8109
8110
8110
8111
8111
8111
8111
8111
8111
8111
8111
8112
8112
8112
8112
8112
8112
8112
8112
8112
8112
8112
8113
8113
8113
8113
8113
8113
8113
8114
8114
8114
8114
8110
8110
8111
8111
8111
8111
8112
8112
8112
8113
8113
8114
8114
8114
8115
8115
8115
8114
8113
8113
8113
8113
8113
8114
8113
8113
8114
8114
8114
8114
8114
8114
8114
8117
8117
8117
8116
8115
8114
8114
8114
8114
8114
8115
8115
8115
8114
8114
8114
8114
8114
8114
8115
8115
8115
8116
8116
8116
8117
8117
8117
8117
8117

8117
8124
8124
8124
8125
8125
8125
8126
8126
8125
8123
8122
8122
8122
8122
8122
8122
8122
8121
8121
8121
8122
8122
8122
8122
8122
8122
8122
8123
8123
8122
8122
8122
8123
8123
8123
8123
8124
8124
8123
8123
8123
8123
8123
8124
8124
8123
8123
8122
8119
8118
8117
8117
8118
8118
8119
8119
8119
8120
8120
