8101
8102
8103
8102
8102
8104
8103
8103
8104
8104
8104
8104
8105
8105
8105
8105
8105
8105
8105
8106
8105
810
8104
8103
8102
8102
8101
8102
810
8102
8103
8103
8107
8107
8107
8107
8107
8107
8107
8106
8105
8105
8105
8105
8105
8106
8106
8107
8107
8107
8107
8107
8107
8107
8107
81
8104
8104
8103
8102
8102
8102
8101
8101
8101
8101
8101
8103
8102
8102
8102
8102
8102
8102
8103
8103
8103
8103
8103
8102
8103
8103
8104
8104
8104
8104
8104
8104
8104
8103
8103
8103
8100
8101
8101
8101
8102
8102
8103
8103
8103
8103
8103
8103
8103
8103
8102
8101
8101
8100
8101
8101
8101
8102
8102
8101
8102
8102
8102
8102
8102
8102
8102
8102
8102
8103
8102
8102
8101
8100
8100
8100
8100
8100
8101
8101
8101
8100
8101
8101
8101
8101
8101
8101
8101
8101
8100
8098
8098
8097
8097
8096
8096
8096
8097
8097
8097
8098
8098
8098
8099
8099
8099
8099
8099
8099
8099
8098
8098
8097
8096
8096
8097
8097
8097
8097
8097
8097
8097
8096
8096
8096
8096
8096
8096
8096
8096
8096
8096
8096
8097
8097
8097
8097
8097
8097
8097
8097
8097
8097
8097
8097
8097
8097
8097
8098
8098
8098
8097
8097
8097
8097
8097
8097
8097
8094
8094
8095
8095
8095
8095
8095
8095
8095
8096
8096
8096
8096
8096
8097
8097
8097
8096
8096
8095
8096
8096
8096
8096
8096
8096
8096
8096
8096
8097
8097
8098
8097
8097
8098
8098
8098
8097
8096
8096
8094
8094
8095
8095
8096
8095
8095
8094
8094
8095
8095
8095
8095
8096
8096
8096
8097
8097
8098
8098
8098
8098
8098
8099
8099
8098
8098
8097
8097
8097
8098
8098
8098
8099
8099
8099
8100
8101
8101
8100
8100
8099
8098
8097
8097
8097
8097
8096
8097
8097
8098
8098
8098
8098
8098
8098
8099
8099
8099
8099
8099
8099
8098
8097
8097
8098
8098
8098
8101
8100
8100
8100
8100
8101
8101
8099
8098
8097
8098
8098
8098
8098
8098
8099
8099
8100
8101
8100
8100
8099
8099
8100
8100
8100
8101
8101
8101
8101
8099
8097
8096
8095
8095
8095
8096
8096
8097
8097
8097
8098
8098
8098
8099
8099
8099
8100
8100
8100
8100
8] d
8104
8103
8103
8103
8102
8102
8102
8103
8102
8101
8100
8099
8099
8099
8099
8099
8100
8100
8100
8100
8100
8100
8100
8100
8100
8100
8100
8105
8105
8105
8105
8106
8106
8106
8105
8105
8104
8104
8104
8104
8104
8105
8105
8105
8105
8105
8104
8103
8101
8101
8101
8101
8101
8102
8101
8101
8100
8100
8104
8105
8104
8104
8103
8103
8103
8103
8103
8103
8103
8103
8103
8103
8103
8103
8104
8104
8105
8105
8105
8105
8105
8105
8100
8099
8106
8106
8106
8106
8106
8105
8105
8105
8105
8105
8106
8106
8106
8105
8105
8105
8104
8104
8104
8104
8105
8105
8105
8106
8106
8106
8105
8109
8109
8109
8109
8108
8108
8108
8108
8108
8108
8108
8108
8107
8107
8107
8107
8107
8108
8108
8108
8108
8108
8107
8107
8107
8107
8107
8107
8107
8107
8107
8107
8107
8107
8106
8103
8102
8102
8102
8102
8103
8103
8103
8103
8103
8103
8103
8103
8103
8103
8103
8103
8103
8103
8103
8103
8104
8104
8104
8104
8104
8104
8104
8105
8105
8105
8105
8104
8104
8104
8104
8100
8100
8100
8100
8100
8101
8101
8101
8101
8101
8102
8103
8103
8102
8102
8102
8102
8102
8102
8102
8102
8101
8101
8102
8102
8102
8102
8102
8102
8103
8103
8104
8104
8104
8104
8104
8104
8104
8103
8103
8103
8103
8103
